0.125,0.125,0.125,0.125,0.125,0.125,0.125,0.125
0.125,0.125,0.125,0.125,0.125,0.125,0.125,0.125
0.0625,0.0625,0.0625,0.14583333333333331,0.0625,0.14583333333333331,0.14583333333333331,0.3125
0.06250000000000001,0.18750000000000003,0.06250000000000001,0.2708333333333333,0.06250000000000001,0.10416666666666664,0.06250000000000001,0.18750000000000003
0.041666666666666664,0.11363636363636363,0.041666666666666664,0.1919191919191919,0.041666666666666664,0.1691919191919192,0.09722222222222221,0.30303030303030304
0.041666666666666664,0.22279614325068872,0.041666666666666664,0.357139577594123,0.041666666666666664,0.06944444444444442,0.041666666666666664,0.18395316804407713
0.03125,0.18707603328182332,0.03125,0.22184083419067874,0.03125,0.17399249914265458,0.07291666666666666,0.2504239667181766
0.03125000000000001,0.25648748044823716,0.03125000000000001,0.41617040722665655,0.03125000000000001,0.05208333333333333,0.03125000000000001,0.1502587789917729
0.025000000000000005,0.26583705178867817,0.025000000000000005,0.2322989832425985,0.025000000000000005,0.16819145826084872,0.058333333333333334,0.20033917337454132
0.025000000000000005,0.2879783388207525,0.025000000000000005,0.45014797131916245,0.025000000000000005,0.04166666666666666,0.025000000000000005,0.12020702319341832
0.020833333333333332,0.34833599549825794,0.020833333333333332,0.22094305174806128,0.020833333333333332,0.15266053049711847,0.048611111111111105,0.16694931114545108
0.020833333333333343,0.3167706996435687,0.020833333333333343,0.465001225473027,0.020833333333333343,0.034722222222222224,0.020833333333333343,0.10017251932784862
0.017857142857142856,0.44143085328422105,0.017857142857142856,0.18937975864119536,0.017857142857142856,0.1308518832832444,0.04166666666666666,0.14309940955324377
0.017857142857142863,0.34568846894680416,0.017857142857142863,0.4672588954388493,0.017857142857142863,0.029761904761904764,0.017857142857142863,0.08586215942387024
0.015625,0.5112519966236935,0.015625,0.16570728881104596,0.015625,0.11449539787283886,0.03645833333333333,0.1252119833590883
0.015625000000000007,0.3746831217675496,0.015625000000000007,0.46164582206989724,0.015625000000000007,0.026041666666666664,0.015625000000000007,0.07512938949588646
0.013888888888888888,0.5655573303321719,0.013888888888888888,0.14729536783204086,0.013888888888888888,0.10177368699807898,0.032407407407407406,0.11129954076363406
0.013888888888888892,0.40399847046162196,0.013888888888888892,0.4505161462827752,0.013888888888888892,0.023148148148148143,0.013888888888888892,0.06678167955189906
0.0125,0.6090015972989548,0.0125,0.13256583104883676,0.0125,0.09159631829827108,0.029166666666666664,0.10016958668727065
0.0125,0.43406917686936436,0.0125,0.4349939782005931,0.0125,0.020833333333333325,0.0125,0.060103511596709146
0.011363636363636364,0.6445469066354135,0.011363636363636364,0.12051439186257888,0.011363636363636364,0.08326938027115553,0.026515151515151512,0.0910632606247915
0.011363636363636364,0.46554275749757373,0.011363636363636364,0.4154237471114785,0.011363636363636364,0.018939393939393933,0.011363636363636364,0.054639555997008316
0.010416666666666666,0.6741679977491289,0.010416666666666666,0.11047152587403064,0.010416666666666666,0.07633026524855924,0.024305555555555552,0.08347465557272554
0.010416666666666666,0.4994138522598157,0.010416666666666666,0.39147211029848217,0.010416666666666666,0.017361111111111105,0.010416666666666666,0.05008625966392429
0.009615384615384616,0.6953512308882664,0.009615384615384616,0.1019737161914129,0.009615384615384616,0.07433947341729201,0.022435897435897433,0.07705352822097743
0.009615384615384616,0.5358356002464497,0.009615384615384616,0.3634437498073637,0.009615384615384616,0.01602564102564102,0.009615384615384616,0.04623347045900704
0.008928571428571428,0.699790045892197,0.008928571428571428,0.09468987932059768,0.008928571428571428,0.08635132239153577,0.02083333333333333,0.07154970477662188
0.008928571428571428,0.5689902002288462,0.008928571428571428,0.3374834819639806,0.008928571428571428,0.014880952380952375,0.008928571428571428,0.042931079711935105
0.008333333333333331,0.6949236947903189,0.008333333333333331,0.0883772206992245,0.008333333333333331,0.10547491560783168,0.01944444444444444,0.06677972445818042
0.008333333333333333,0.597394894107099,0.008333333333333333,0.3153138759395393,0.008333333333333333,0.013888888888888885,0.008333333333333333,0.04006900773113943
0.0078125,0.6842281361012635,0.0078125,0.08285364440552298,0.0078125,0.1286455611470028,0.018229166666666664,0.06260599167954416
0.0078124999999999965,0.6183593583497166,0.0078124999999999965,0.29980511356900696,0.0078124999999999965,0.013020833333333324,0.0078124999999999965,0.0375646947479432
0.007352941176470588,0.6702007949587551,0.007352941176470588,0.0779799006169628,0.007352941176470588,0.15368033186314267,0.017156862745098037,0.058923286286629795
0.0073529411764705855,0.6322453505082786,0.0073529411764705855,0.29073297600346115,0.0073529411764705855,0.012254901960784305,0.0073529411764705855,0.0353550068215936
0.006944444444444443,0.6546077762132845,0.006944444444444443,0.07364768391602042,0.006944444444444443,0.17905773245184106,0.0162037037037037,0.05564977038181702
0.0069444444444444415,0.640241510243623,0.0069444444444444415,0.2870157981285756,0.0069444444444444415,0.011574074074074065,0.0069444444444444415,0.03339083977594951
0.006578947368421051,0.6388405474773187,0.006578947368421051,0.06977149002570356,0.006578947368421051,0.2035794081001687,0.015350877192982452,0.05272083509856349
0.006578947368421048,0.6436179267154083,0.006578947368421048,0.287467944374043,0.006578947368421048,0.010964912280701742,0.006578947368421048,0.031633427156162686
0.006249999999999999,0.62403180497606,0.006249999999999999,0.06628291552441837,0.006249999999999999,0.2262671528225529,0.014583333333333328,0.05008479334363532
0.006249999999999995,0.643468734540197,0.006249999999999995,0.29106284299478175,0.006249999999999995,0.010416666666666656,0.006249999999999995,0.030051755798354552
0.005952380952380951,0.6110432796900279,0.005952380952380951,0.06312658621373178,0.005952380952380951,0.24638429916579396,0.013888888888888885,0.04769980318441459
0.005952380952380946,0.6406804537544498,0.005952380952380946,0.2969686677074348,0.005952380952380946,0.009920634920634906,0.005952380952380946,0.028620719807956708
0.005681818181818181,0.6004348103194295,0.005681818181818181,0.060257195931289434,0.005681818181818181,0.26347333313385507,0.013257575757575754,0.045531630312395745
0.005681818181818176,0.6359679434195777,0.005681818181818176,0.30451530888494843,0.005681818181818176,0.009469696969696958,0.005681818181818176,0.02731977799850413
0.00543478260869565,0.5924876873791756,0.00543478260869565,0.05763731784732032,0.00543478260869565,0.2773374933152704,0.012681159420289849,0.04355199421185679
0.005434782608695647,0.6299215594807337,0.005434782608695647,0.3131493775062043,0.005434782608695647,0.009057971014492742,0.005434782608695647,0.02613196156378656
0.005208333333333332,0.5872833936634753,0.005208333333333332,0.05523576293701531,0.005208333333333332,0.2879657378353689,0.012152777777777775,0.041737327786362764
0.005208333333333327,0.623049814234246,0.005208333333333327,0.322393167044903,0.005208333333333327,0.008680555555555542,0.005208333333333327,0.025043129831962115
0.004999999999999999,0.5847979281523364,0.004999999999999999,0.0530263324195347,0.004999999999999999,0.2954412380865539,0.011666666666666664,0.04006783467490826
0.004999999999999994,0.6158133944614279,0.004999999999999994,0.3318118675665552,0.004999999999999994,0.008333333333333321,0.004999999999999994,0.024041404638683633
0.004807692307692307,0.58498033473316,0.004807692307692307,0.050986858095706446,0.004807692307692307,0.2998650174196193,0.011217948717948715,0.038526764110488707
0.004807692307692303,0.6086490082135703,0.004807692307692303,0.3409906668133365,0.004807692307692303,0.008012820512820502,0.004807692307692303,0.023116735229503492
0.004629629629629629,0.5878068092678427,0.004629629629629629,0.04909845594401361,0.004629629629629629,0.30130352984224107,0.010802469135802467,0.03709984692121135
0.004629629629629623,0.601982600511794,0.004629629629629623,0.3495222717363386,0.004629629629629623,0.007716049382716037,0.004629629629629623,0.022260559850632987
0.004464285714285713,0.5933127648363644,0.004464285714285713,0.04734493966029883,0.004464285714285713,0.29975791930550194,0.010416666666666663,0.035774852388310935
0.004464285714285709,0.5962333501544502,0.004464285714285709,0.35700349094196326,0.004464285714285709,0.007440476190476179,0.004464285714285709,0.021465539855967525
0.004310344827586206,0.6015995439127413,0.004310344827586206,0.045712355534081636,0.004310344827586206,0.29515835801733664,0.010057471264367814,0.034541236788714014
0.0043103448275862,0.5918127355953203,0.0043103448275862,0.3630366282219065,0.0043103448275862,0.007183908045976997,0.0043103448275862,0.020725348826451395
0.004166666666666666,0.6127838530761194,0.004166666666666666,0.04418861034961225,0.004166666666666666,0.28741545212295594,0.00972222222222222,0.03338986222909021
0.004166666666666658,0.5891243625361325,0.004166666666666658,0.3672300224871867,0.004166666666666658,0.006944444444444428,0.004166666666666658,0.020034503865569674
0.004032258064516129,0.6252746965252768,0.004032258064516129,0.042763171306076375,0.004032258064516129,0.27814398592544126,0.009408602150537633,0.03231276989911956
0.0040322580645161185,0.5883219012174056,0.0040322580645161185,0.3694404068696776,0.0040322580645161185,0.006720430107526863,0.0040322580645161185,0.019388229547325483
0.003906249999999999,0.6369848622588619,0.003906249999999999,0.04142682220276148,0.003906249999999999,0.2694519863652712,0.00911458333333333,0.03130299583977207
0.0039062499999999905,0.589278400231188,0.0039062499999999905,0.3698038357281738,0.0039062499999999905,0.006510416666666649,0.0039062499999999905,0.018782347373971563
0.003787878787878787,0.6479853209782903,0.003787878787878787,0.04017146395419295,0.003787878787878787,0.26128677465723266,0.008838383838383835,0.030354420208263826
0.003787878787878778,0.5919444993453332,0.003787878787878778,0.36837766885768414,0.003787878787878778,0.006313131313131295,0.003787878787878778,0.018213185332336058
0.003676470588235293,0.6583386938906934,0.003676470588235293,0.038989950308481396,0.003676470588235293,0.2536018695202552,0.008578431372549017,0.02946164314331489
0.0036764705882352832,0.5963560219775957,0.0036764705882352832,0.36513314127827406,0.0036764705882352832,0.006127450980392137,0.0036764705882352832,0.017677503410796755
0.003571428571428571,0.6681004454938165,0.003571428571428571,0.03787595172823907,0.003571428571428571,0.24635610181967652,0.00833333333333333,0.02861988191064875
0.0035714285714285626,0.6026606660264032,0.0035714285714285626,0.3599288068507274,0.0035714285714285626,0.005952380952380936,0.0035714285714285626,0.017172431884774
0.0034722222222222216,0.676748055935604,0.0034722222222222216,0.03682384195801021,0.0034722222222222216,0.2400846983969586,0.00810185185185185,0.02782488519090851
0.003472222222222214,0.6110115048043935,0.003472222222222214,0.35261714938170574,0.003472222222222214,0.005787037037037021,0.003472222222222214,0.016695419887974725
0.0033783783783783786,0.6810035804463277,0.0033783783783783786,0.035828602986172096,0.0033783783783783786,0.23807693728265233,0.007882882882882882,0.027072861266829906
0.003378378378378372,0.6204640481418483,0.003378378378378372,0.34414761539057254,0.003378378378378372,0.005630630630630618,0.003378378378378372,0.016244192323434874
0.0032894736842105257,0.6818548984714751,0.0032894736842105257,0.03488574501285178,0.0032894736842105257,0.23935507931726854,0.007675438596491226,0.026360417549281746
0.0032894736842105188,0.6298998033020433,0.0032894736842105188,0.3356431322426822,0.0032894736842105188,0.005482456140350863,0.0032894736842105188,0.01581671357808132
0.0032051282051282046,0.680162785274943,0.0032051282051282046,0.03399123873047096,0.0032051282051282046,0.24306744949357642,0.007478632478632476,0.02568450940699247
0.0032051282051281968,0.6383337210277223,0.0032051282051281968,0.32809272899021547,0.0032051282051281968,0.005341880341880326,0.0032051282051281968,0.015411156819668972
0.0031249999999999993,0.6765933466317775,0.0031249999999999993,0.033141457762209184,0.0031249999999999993,0.24855613226752893,0.007291666666666664,0.02504239667181766
0.0031249999999999932,0.6451695055758725,0.0031249999999999932,0.32209628319161676,0.0031249999999999932,0.00520833333333332,0.0031249999999999932,0.015025877899177255
0.0030487804878048777,0.6716797451459928,0.0030487804878048777,0.032333129524106524,0.0030487804878048777,0.2552953562191842,0.00711382113821138,0.0244316065090904
0.0030487804878048716,0.6502136152155384,0.0030487804878048716,0.31785056894786573,0.0030487804878048716,0.005081300813008118,0.0030487804878048716,0.014659393072368054
0.0029761904761904756,0.6658777802277127,0.0029761904761904756,0.03156329310686589,0.0029761904761904756,0.2628360092001981,0.006944444444444442,0.023849901592207293
0.002976190476190469,0.6535297311391605,0.002976190476190469,0.31529482959178173,0.002976190476190469,0.004960317460317447,0.002976190476190469,0.014310359903978335
0.002906976744186046,0.6595991480665278,0.002906976744186046,0.030829263034613197,0.002906976744186046,0.2707724602118969,0.006782945736434107,0.023295252717969915
0.00290697674418604,0.6552962948083951,0.00290697674418604,0.3142532761381066,0.00290697674418604,0.0048449612403100644,0.00290697674418604,0.013977560836443956
0.0028409090909090906,0.6532218938019608,0.0028409090909090906,0.030128597965644717,0.0028409090909090906,0.27873217792468147,0.006628787878787877,0.022765815156197872
0.0028409090909090854,0.6557241513002595,0.0028409090909090854,0.31451747485200343,0.0028409090909090854,0.004734848484848474,0.0028409090909090854,0.013659888999252053
0.0027777777777777775,0.6470828239208706,0.0027777777777777775,0.029459073566408166,0.0027777777777777775,0.28638337954517973,0.0064814814814814796,0.02225990815272681
0.0027777777777777727,0.6550210059538407,0.0027777777777777727,0.3158819173950386,0.0027777777777777727,0.004629629629629619,0.0027777777777777727,0.013356335910379786
0.0027173913043478256,0.6414626226785111,0.0027173913043478256,0.028818658923660163,0.0027173913043478256,0.29344996766871195,0.006340579710144925,0.0217759971059284
0.0027173913043478217,0.653380314486966,0.0027173913043478217,0.31815515400650296,0.0027173913043478217,0.004528985507246368,0.0027173913043478217,0.013065980781893272
0.002659574468085106,0.636575953054796,0.002659574468085106,0.028205495967837606,0.002659574468085106,0.29972147579567765,0.006205673758865247,0.02131267801856822
0.0026595744680851033,0.6509808898087919,0.0026595744680851033,0.32116020701460324,0.0026595744680851033,0.004432624113475171,0.0026595744680851033,0.012787981190789164
0.002604166666666666,0.6325732800493693,0.002604166666666666,0.027617881468507657,0.002604166666666666,0.30505128570005274,0.006076388888888887,0.020868663893181382
0.0026041666666666644,0.6479907335118456,0.0026041666666666644,0.3247307571277288,0.0026041666666666644,0.004340277777777773,0.0026041666666666644,0.01252156491598106
0.002551020408163265,0.629553159258089,0.002551020408163265,0.027054251234456483,0.002551020408163265,0.3093443745372634,0.005952380952380952,0.020442772793320543
0.002551020408163263,0.6445721832951246,0.002551020408163263,0.3287060116171116,0.002551020408163263,0.004251700680272104,0.002551020408163263,0.01226602277483859
0.0025,0.6275794233077412,0.0025,0.026513166209767354,0.0025,0.31254015981170413,0.005833333333333333,0.02003391733745413
0.002499999999999998,0.6408868929085934,0.002499999999999998,0.33292573810539805,0.002499999999999998,0.004166666666666661,0.002499999999999998,0.01202070231934182
0.002450980392156863,0.626698141773732,0.002450980392156863,0.025993300205654272,0.002450980392156863,0.3145955671669008,0.005718954248366014,0.0196410954288766
0.0024509803921568623,0.6370996908737357,0.0024509803921568623,0.3372264179635108,0.0024509803921568623,0.0040849673202614355,0.0024509803921568623,0.011785002273864534
0.0024038461538461535,0.6269515559254718,0.0024038461538461535,0.025493429047853223,0.0024038461538461535,0.3154711201509178,0.005608974358974357,0.019263382055244353
0.002403846153846153,0.6333806760138591,0.002403846153846153,0.34143916149959425,0.002403846153846153,0.004006410256410254,0.002403846153846153,0.011558367614751756
0.0023584905660377353,0.6283877141413488,0.0023584905660377353,0.025012420952610706,0.0023584905660377353,0.3151213265373731,0.005503144654088049,0.018899922016466158
0.0023584905660377353,0.6299053334853212,0.0023584905660377353,0.34538960143353864,0.0023584905660377353,0.0039308176100628905,0.0023584905660377353,0.01134028520692625
0.0023148148148148147,0.6310639853942457,0.0023148148148148147,0.024549227972006805,0.0023148148148148147,0.3134911841607962,0.005401234567901233,0.018549923460605675
0.0023148148148148143,0.6268530745465989,0.0023148148148148143,0.34889936157746726,0.0023148148148148143,0.0038580246913580223,0.0023148148148148143,0.011130279925316506
0.0022727272727272726,0.6350389357713511,0.0022727272727272726,0.024102878372515773,0.0022727272727272726,0.31052432160996274,0.005303030303030302,0.018212652124958296
0.002272727272727272,0.6244051406375483,0.002272727272727272,0.35178816028426213,0.002272727272727272,0.0037878787878787854,0.002272727272727272,0.01092791119940166
0.002232142857142857,0.6403382451567701,0.002232142857142857,0.02367246983014942,0.002232142857142857,0.30619709691416314,0.005208333333333332,0.01788742619415547
0.0022321428571428553,0.6227424580576657,0.0022321428571428553,0.353875962490541,0.0022321428571428553,0.003720238095238091,0.0022321428571428553,0.010732769927983768
0.0021929824561403508,0.646648100504897,0.0021929824561403508,0.023257163341901185,0.0021929824561403508,0.3008252180209322,0.005116959064327484,0.017573611699521166
0.002192982456140349,0.6220085677649734,0.002192982456140349,0.35502005593151037,0.002192982456140349,0.003654970760233914,0.002192982456140349,0.010544475718720895
0.002155172413793103,0.6527403746341228,0.002155172413793103,0.022856177767040818,0.002155172413793103,0.2956385763309161,0.005028735632183907,0.017270618394357007
0.002155172413793101,0.622188617893625,0.002155172413793101,0.35523606401498836,0.002155172413793101,0.0035919540229885,0.002155172413793101,0.010362674413225702
0.0021186440677966097,0.6586261309962563,0.0021186440677966097,0.022468784923531653,0.0021186440677966097,0.2906277530032735,0.004943502824858756,0.01697789604868994
0.0021186440677966084,0.6232984872181226,0.0021186440677966084,0.3545088272005142,0.0021186440677966084,0.0035310734463276797,0.0021186440677966084,0.010187035863849
0.002083333333333333,0.6643156954796521,0.002083333333333333,0.022094305174806126,0.002083333333333333,0.2857839571198856,0.00486111111111111,0.016694931114545106
0.002083333333333332,0.6253920265751697,0.002083333333333332,0.35278516593648984,0.002083333333333332,0.0034722222222222186,0.002083333333333332,0.01001725193278485
0.002049180327868852,0.6698187168652315,0.002049180327868852,0.021732103450628974,0.002049180327868852,0.2810989742162809,0.004781420765027322,0.016421243719224696
0.002049180327868851,0.6285769632988509,0.002049180327868851,0.34995798015524043,0.002049180327868851,0.003415300546448084,0.002049180327868851,0.0098530346879851
0.0020161290322580645,0.67395535134593,0.0020161290322580645,0.021381585653038188,0.0020161290322580645,0.27775398987942906,0.0047043010752688165,0.01615638494955978
0.002016129032258064,0.6327228312421534,0.002016129032258064,0.346158322801388,0.002016129032258064,0.0033602150537634387,0.002016129032258064,0.009694114773662764
0.001984126984126984,0.6762821917606524,0.001984126984126984,0.021042195404577264,0.001984126984126984,0.276193667857955,0.004629629629629629,0.015899934394804867
0.0019841269841269827,0.6374708607688983,0.0019841269841269827,0.3417455130517299,0.0019841269841269827,0.0033068783068783037,0.0019841269841269827,0.009540239935985573
0.001953125,0.6770432565731164,0.001953125,0.020713411101380745,0.001953125,0.27617516773895023,0.004557291666666666,0.01565149791988604
0.0019531249999999987,0.6423760324857616,0.0019531249999999987,0.3371650854939192,0.0019531249999999987,0.00325520833333333,0.0019531249999999987,0.009391173686985797
0.0019230769230769232,0.6765183096988495,0.0019230769230769232,0.02039474323828258,0.0019230769230769232,0.2774198311622622,0.004487179487179487,0.015410705644195485
0.0019230769230769223,0.6470039996325957,0.0019230769230769223,0.3328518703781671,0.0019230769230769223,0.0032051282051282024,0.0019230769230769223,0.009246694091801403
0.001893939393939394,0.6749626039635526,0.001893939393939394,0.02008573197709648,0.001893939393939394,0.2796734438542089,0.004419191919191919,0.015177210104131917
0.0018939393939393931,0.6510279610253983,0.0018939393939393931,0.32913312307611065,0.0018939393939393931,0.003156565656565654,0.0018939393939393931,0.009106592666168048
0.0018656716417910447,0.6726014790269841,0.0018656716417910447,0.019785944932662204,0.0018656716417910447,0.28271164270394505,0.00435323383084577,0.014950684580189649
0.001865671641791044,0.6542676920870933,0.001865671641791044,0.32618949523678104,0.001865671641791044,0.0031094527363184055,0.001865671641791044,0.008970673372643153
0.001838235294117647,0.6696383107403339,0.001838235294117647,0.0194949751542407,0.001838235294117647,0.28633197096514046,0.004289215686274509,0.014730821571657449
0.0018382352941176464,0.6566669268174253,0.0018382352941176464,0.32407765481050976,0.0018382352941176464,0.0030637254901960762,0.0018382352941176464,0.0088387517053984
0.0018115942028985507,0.6662626985562182,0.0018115942028985507,0.01921243928244011,0.0018115942028985507,0.290345695008597,0.004227053140096618,0.014517331403952269
0.0018115942028985499,0.6582476411338289,0.0018115942028985499,0.3227760045284838,0.0018115942028985499,0.0030193236714975823,0.0018115942028985499,0.008710653854595525
0.0017857142857142857,0.6626547624013694,0.0017857142857142857,0.01893797586411954,0.0017857142857142857,0.29457351125537706,0.004166666666666666,0.014309940955324379
0.001785714285714285,0.6590714622360464,0.001785714285714285,0.3222232742025191,0.001785714285714285,0.002976190476190474,0.001785714285714285,0.008586215942387017
0.0017605633802816902,0.6589845044327907,0.0017605633802816902,0.01867124380969532,0.0017605633802816902,0.29884618790484674,0.0041079812206572764,0.01410839249116488
0.0017605633802816902,0.6592160400518381,0.0017605633802816902,0.32234215080308565,0.0017605633802816902,0.0029342723004694826,0.0017605633802816902,0.008465283323480162
0.001736111111111111,0.6554073582462843,0.001736111111111111,0.018411920979005108,0.001736111111111111,0.303009018919997,0.004050925925925926,0.013912442595454258
0.0017361111111111104,0.6587631693059386,0.0017361111111111104,0.3230511577871112,0.0017361111111111104,0.002893518518518516,0.0017361111111111104,0.008347709943987378
0.0017123287671232876,0.6520586199594967,0.0017123287671232876,0.018159702883402296,0.0017123287671232876,0.30692739587573975,0.003995433789954338,0.013721861190037075
0.0017123287671232876,0.6577939111568858,0.0017123287671232876,0.3242695347431085,0.0017123287671232876,0.0028538812785388118,0.0017123287671232876,0.008233357752973855
0.0016891891891891893,0.6490496629771784,0.0016891891891891893,0.017914301493086048,0.0016891891891891893,0.3104905958873116,0.003941441441441441,0.013536430633414953
0.0016891891891891893,0.656387394443544,0.0016891891891891893,0.32591843732266657,0.0016891891891891893,0.0028153153153153143,0.0016891891891891893,0.008122096161717452
0.0016666666666666668,0.6464675851724742,0.0016666666666666668,0.0176754441398449,0.0016666666666666668,0.3136121369071559,0.0038888888888888883,0.013355944891636086
0.0016666666666666668,0.6546214179699055,0.0016666666666666668,0.3279203360394223,0.0016666666666666668,0.0027777777777777766,0.0016666666666666668,0.008013801546227887
0.001644736842105263,0.6443781825609666,0.001644736842105263,0.01744287250642589,0.001644736842105263,0.3162268063334053,0.0038377192982456134,0.013180208774640875
0.0016447368421052637,0.6525738406904832,0.0016447368421052637,0.3301976270818798,0.0016447368421052637,0.0027412280701754384,0.0016447368421052637,0.00790835678904068
0.0016233766233766235,0.6428309969056198,0.0016233766233766235,0.017216341694654125,0.0016233766233766235,0.31828561550960427,0.0037878787878787876,0.013009037232113071
0.0016233766233766246,0.6503241686559125,0.0016233766233766246,0.33267104628823796,0.0016233766233766246,0.002705627705627707,0.0016233766233766246,0.00780565085671548
0.0016025641025641025,0.6418649848437591,0.0016025641025641025,0.016995619365235484,0.0016025641025641025,0.31975013254050055,0.003739316239316239,0.012842254703496238
0.0016025641025641042,0.6479549364071309,0.0016025641025641042,0.3352582886018381,0.0016025641025641042,0.0026709401709401727,0.0016025641025641042,0.007705578409834515
0.0015822784810126582,0.6415137157006412,0.0015822784810126582,0.01678048494289073,0.0015822784810126582,0.3205872862736912,0.0036919831223628688,0.012679694517376031
0.00158227848101266,0.6455525864330504,0.00158227848101266,0.33787312939858993,0.00158227848101266,0.0026371308016877658,0.00158227848101266,0.007608039442621419
0.0015625,0.6418093799426591,0.0015625,0.016570728881104595,0.0015625,0.3207653595069942,0.003645833333333333,0.012521198335908831
0.0015625000000000023,0.6432076654784219,0.0015625000000000023,0.34042522890532284,0.0015625000000000023,0.0026041666666666696,0.0015625000000000023,0.0075129389495886545
0.0015432098765432098,0.6427849050421137,0.0015432098765432098,0.01636615198133787,0.0015432098765432098,0.3202518746612476,0.0036008230452674894,0.012366615640403785
0.001543209876543212,0.6410143222882967,0.001543209876543212,0.3428206351277476,0.001543209876543212,0.0025720164609053524,0.001543209876543212,0.007420186616877683
0.001524390243902439,0.6444728705576974,0.001524390243902439,0.016166564762053266,0.001524390243902439,0.3190146801248911,0.0035569105691056905,0.012215803254545202
0.0015243902439024412,0.63906928023012,0.0015243902439024412,0.3449628118515823,0.0015243902439024412,0.0025406504065040676,0.0015243902439024412,0.007329696536184052
0.0015060240963855422,0.6468983884076812,0.0015060240963855422,0.01597178687335383,0.0015060240963855422,0.3170290713028279,0.003514056224899598,0.0120686249020808
0.0015060240963855438,0.6374705423258213,0.0015060240963855438,0.34675393418863154,0.0015060240963855438,0.002510040160642572,0.0015060240963855438,0.0072413869393625555
0.001488095238095238,0.6500605066346368,0.001488095238095238,0.01578164655343295,0.001488095238095238,0.3142963880793187,0.0034722222222222216,0.011924950796103648
0.0014880952380952395,0.6363158198825388,0.0014880952380952395,0.3480964604829324,0.0014880952380952395,0.0024801587301587318,0.0014880952380952395,0.007155179951989192
0.0014705882352941176,0.6538946057096039,0.0014705882352941176,0.01559598012339256,0.0014705882352941176,0.31088161965477573,0.0034313725490196074,0.01178465725732596
0.0014705882352941191,0.6356997428688238,0.0014705882352941191,0.3488959224335242,0.0014705882352941191,0.0024509803921568644,0.0014705882352941191,0.00707100136431873
0.0014534883720930232,0.657919087038562,0.0014534883720930232,0.0154146315173066,0.0014534883720930232,0.3072667171006504,0.0033914728682170538,0.01164762635898496
0.0014534883720930243,0.6356633649397554,0.0014534883720930243,0.34911142053349553,0.0014534883720930243,0.0024224806201550396,0.0014534883720930243,0.006988780418221999
0.0014367816091954023,0.6618510515553601,0.0014367816091954023,0.015237451844693882,0.0014367816091954023,0.30373491575466594,0.0033524904214559384,0.011513745596238006
0.0014367816091954031,0.6362245495796355,0.0014367816091954031,0.3487252383594402,0.0014367816091954031,0.002394636015325671,0.0014367816091954031,0.006908449608817148
0.0014204545454545455,0.665693653242231,0.0014204545454545455,0.01506429898282236,0.0014204545454545455,0.30028338262109017,0.003314393939393939,0.011382907578098938
0.0014204545454545464,0.6374224641038414,0.0014204545454545464,0.3476983489722902,0.0014204545454545464,0.002367424242424243,0.0014204545454545464,0.006829944499626044
0.0014044943820224719,0.6693263862192862,0.0014044943820224719,0.014895037196498514,0.0014044943820224719,0.2970329301399527,0.0032771535580524342,0.01125500974014277
0.0014044943820224727,0.6393009843506532,0.0014044943820224727,0.34598701060102754,0.0014044943820224727,0.0023408239700374537,0.0014044943820224727,0.006753203550192043
0.001388888888888889,0.6720390482946517,0.001388888888888889,0.014729536783204085,0.001388888888888889,0.2946940534383735,0.00324074074074074,0.011129954076363406
0.0013888888888888898,0.6417629810358787,0.0013888888888888898,0.34368848063856117,0.0013888888888888898,0.0023148148148148156,0.0013888888888888898,0.006678167955189909
0.0013736263736263737,0.673769216877934,0.0013736263736263737,0.014567673741630415,0.0013736263736263737,0.2933294551657172,0.0032051282051282046,0.01100764688871106
0.0013736263736263748,0.6446417723902425,0.0013736263736263748,0.34096956333173106,0.0013736263736263748,0.002289377289377291,0.0013736263736263748,0.006604781494143869
0.001358695652173913,0.6745831682210288,0.001358695652173913,0.014409329461830083,0.001358695652173913,0.29287312695258266,0.0031702898550724635,0.010887998552964202
0.0013586956521739143,0.647718710357627,0.0013586956521739143,0.3380490238891076,0.0013586956521739143,0.00226449275362319,0.0013586956521739143,0.0065329903909466525
0.0013440860215053762,0.6745956463181623,0.0013440860215053762,0.01425439043535879,0.0013440860215053762,0.29321058116541027,0.0031362007168458774,0.01077092329970652
0.001344086021505377,0.6507594949911573,0.001344086021505377,0.3351612743712039,0.001344086021505377,0.002240143369175628,0.001344086021505377,0.006462743182441848
0.0013297872340425532,0.6739298802946502,0.0013297872340425532,0.014102747983918805,0.0013297872340425532,0.2942188341305867,0.003102836879432624,0.010656339009284112
0.001329787234042554,0.6535587344459055,0.001329787234042554,0.33251181396579216,0.001329787234042554,0.0022163120567375892,0.001329787234042554,0.006393990595394594
0.0013157894736842105,0.672704260005723,0.0013157894736842105,0.013954298005140713,0.0013157894736842105,0.29577973110977446,0.003070175438596491,0.0105441670197127
0.001315789473684211,0.6559711264450184,0.001315789473684211,0.3302460477728719,0.001315789473684211,0.0021929824561403508,0.001315789473684211,0.006326685431232544
0.001302083333333333,0.6710302556099252,0.001302083333333333,0.013808940734253828,0.001302083333333333,0.2977820272647857,0.0030381944444444436,0.010434331946590691
0.0013020833333333337,0.6579172851357759,0.0013020833333333337,0.3284434601840115,0.0013020833333333337,0.0021701388888888886,0.0013020833333333337,0.006260782457990538
0.0012886597938144327,0.6690138551852944,0.0012886597938144327,0.013666580520498633,0.0012886597938144327,0.30011995054637824,0.0030068728522336763,0.010326761514151612
0.0012886597938144332,0.6593708262309927,0.0012886597938144332,0.3271305299617863,0.0012886597938144332,0.0021477663230240547,0.0012886597938144332,0.0061962383089390885
0.0012755102040816326,0.6667572325824246,0.0012755102040816326,0.01352712561722824,0.0012755102040816326,0.3026915343152515,0.0029761904761904756,0.01022138639666027
0.0012755102040816326,0.6603400906299214,0.0012755102040816326,0.3262990068261968,0.0012755102040816326,0.0021258503401360537,0.0012755102040816326,0.0061330113874193005
0.0012626262626262627,0.6643592323856078,0.0012626262626262627,0.013390487984730987,0.0012626262626262627,0.30539813282623324,0.0029461279461279457,0.010118140069421277
0.0012626262626262619,0.6608529583006159,0.0012626262626262619,0.3259210977670567,0.0012626262626262619,0.0021043771043771026,0.0012626262626262619,0.006071061777445365
0.00125,0.6619142823114135,0.00125,0.013256583104883677,0.00125,0.3081455092483092,0.0029166666666666664,0.010016958668727064
0.0012499999999999985,0.6609469222823625,0.0012499999999999985,0.3259593932246333,0.0012499999999999985,0.0020833333333333303,0.0012499999999999985,0.006010351159670908
0.0012376237623762376,0.659510128254455,0.0012376237623762376,0.013125329806815522,0.0012376237623762376,0.3108461010125971,0.0028877887788778876,0.009917780860125807
0.0012376237623762355,0.6606635321223869,0.0012376237623762355,0.32637242382513365,0.0012376237623762355,0.0020627062706270586,0.0012376237623762355,0.0059508427323474306
0.0012254901960784314,0.6572252963828218,0.0012254901960784314,0.012996650102827134,0.0012254901960784314,0.31342155808749445,0.0028594771241830064,0.009820547714438299
0.0012254901960784285,0.6600457159448858,0.0012254901960784285,0.32711733847373753,0.0012254901960784285,0.002042483660130714,0.0012254901960784285,0.005892501136932256
0.0012135922330097086,0.6551272510428421,0.0012135922330097086,0.012870469033867647,0.0012135922330097086,0.3158045854229079,0.002831715210355987,0.009725202590997151
0.0012135922330097067,0.6591368016598647,0.0012135922330097067,0.3281508832983837,0.0012135922330097067,0.002022653721682844,0.0012135922330097067,0.0058352923880300046
0.001201923076923077,0.6532718519890471,0.001201923076923077,0.012746714523926613,0.001201923076923077,0.3179394860491476,0.002804487179487179,0.009631691027622178
0.0012019230769230744,0.6579804789563485,0.0012019230769230744,0.3294294398003782,0.0012019230769230744,0.0020032051282051233,0.0012019230769230744,0.005779183807375867
0.0011904761904761906,0.651704173145124,0.0011904761904761906,0.012625317242746358,0.0011904761904761906,0.31978134262604024,0.0027777777777777775,0.00953996063688292
0.0011904761904761873,0.6566212429299773,0.0011904761904761873,0.33090858136239976,0.0011904761904761873,0.001984126984126978,0.0011904761904761873,0.005724143961591332
0.0011792452830188679,0.6504603264164798,0.0011792452830188679,0.012506210476305355,0.0011792452830188679,0.32129419392288106,0.002751572327044025,0.00944996100823308
0.0011792452830188655,0.6551050303501373,0.0011792452830188655,0.33254243710929265,0.0011792452830188655,0.0019654088050314418,0.0011792452830188655,0.005670142603463115
0.0011682242990654207,0.6495697735842578,0.0011682242990654207,0.012389330004564186,0.0011682242990654207,0.32244872320052964,0.0027258566978193145,0.009361643615632772
0.0011682242990654174,0.6534798467616489,0.0011682242990654174,0.33428306492713217,0.0011682242990654174,0.0019470404984423617,0.0011682242990654174,0.005617150616514859
0.0011574074074074078,0.6490576510015852,0.0011574074074074078,0.012274613986003408,0.0011574074074074078,0.3232199337759358,0.0027006172839506176,0.00927496173030284
0.0011574074074074037,0.6517962313002774,0.0011574074074074037,0.33607998676175577,0.0011574074074074037,0.0019290123456790055,0.0011574074074074037,0.005565139962658237
0.0011467889908256884,0.6489467356462354,0.0011467889908256884,0.012162002848517138,0.0011467889908256884,0.32358518321589547,0.0026758409785932725,0.009189870338281713
0.0011467889908256845,0.650107448779834,0.0011467889908256845,0.33787999663942825,0.0011467889908256845,0.0019113149847094734,0.0011467889908256845,0.005514083632725593
0.0011363636363636367,0.6492587201450079,0.0011363636363636367,0.012051439186257892,0.0011363636363636367,0.32352290854564897,0.0026515151515151517,0.009106326062479152
0.0011363636363636335,0.6484693545829582,0.0011363636363636335,0.33962729587794704,0.0011363636363636335,0.0018939393939393884,0.0011363636363636335,0.005463955599700817
0.0011261261261261263,0.6500143469301607,0.0011261261261261263,0.01194286766205737,0.0011261261261261263,0.3230124923128326,0.002627627627627628,0.009024287088943305
0.0011261261261261233,0.6469399487138275,0.0011261261261261233,0.34126393913031283,0.0011261261261261233,0.0018768768768768714,0.0011261261261261233,0.0054147307744782875
0.001116071428571429,0.6512315991778125,0.001116071428571429,0.011836234915074715,0.001116071428571429,0.3220360718576541,0.002604166666666667,0.008943713097077739
0.0011160714285714263,0.6455786966685545,0.0011160714285714263,0.3427305136055489,0.0011160714285714263,0.0018601190476190432,0.0011160714285714263,0.005366384963991877
0.001106194690265487,0.6529205023030403,0.001106194690265487,0.01173148947334839,0.001106194690265487,0.3205837380152982,0.0025811209439528028,0.008864565193563777
0.0011061946902654845,0.6444456902007522,0.0011061946902654845,0.34396697838950957,0.0011061946902654845,0.0018436578171091402,0.0011061946902654845,0.00531889483156717
0.0010964912280701758,0.655072302552815,0.0010964912280701758,0.011628581670950596,0.0010964912280701758,0.3186643567100994,0.002558479532163743,0.008786805849760585
0.0010964912280701739,0.6436005670630257,0.0010964912280701739,0.34491374478521625,0.0010964912280701739,0.0018274853801169557,0.0010964912280701739,0.005272237859360444
0.0010869565217391307,0.6576408550002444,0.0010869565217391307,0.01152746356946407,0.0010869565217391307,0.3163241811386448,0.0025362318840579713,0.008710398842371363
0.0010869565217391294,0.6431007305625265,0.0010869565217391294,0.3455134568348612,0.0010869565217391294,0.0018115942028985484,0.0010869565217391294,0.005226392312757312
0.001077586206896552,0.6605179954655694,0.001077586206896552,0.011428088883520414,0.001077586206896552,0.31367148001694994,0.0025143678160919544,0.008635309197178507
0.0010775862068965506,0.6429978739695071,0.0010775862068965506,0.3457144669847996,0.0010775862068965506,0.0017959770114942505,0.0010775862068965506,0.005181337206612852
0.0010683760683760687,0.6634195510598808,0.0010683760683760687,0.011330412910156991,0.0010683760683760687,0.3109905271962923,0.0024928774928774933,0.00856150313566416
0.0010683760683760674,0.6433169605398423,0.0010683760683760674,0.3454918561328037,0.0010683760683760674,0.0017806267806267783,0.0010683760683760674,0.005137052273222999
0.0010593220338983053,0.6662719277458141,0.0010593220338983053,0.01123439246176583,0.0010593220338983053,0.3083550142539508,0.0024717514124293787,0.008488948024344972
0.001059322033898304,0.644086256670407,0.001059322033898304,0.3448174005389115,0.001059322033898304,0.0017655367231638394,0.001059322033898304,0.005093517931924499
0.001050420168067227,0.6687949056568494,0.001050420168067227,0.011139985802423261,0.001050420168067227,0.3060452553177074,0.002450980392156863,0.0084176123266614
0.0010504201680672253,0.6452993685999131,0.0010504201680672253,0.34369753518747836,0.0010504201680672253,0.0017507002801120416,0.0010504201680672253,0.005050715260227652
0.0010416666666666669,0.6707871651972203,0.0010416666666666669,0.011047152587403065,0.0010416666666666669,0.30426266110254857,0.0024305555555555556,0.008347465557272555
0.0010416666666666651,0.646907761876585,0.0010416666666666651,0.3421808343792448,0.0010416666666666651,0.001736111111111108,0.0010416666666666651,0.005008625966392422
0.0010330578512396695,0.6721792298557323,0.0010330578512396695,0.010955853805688991,0.0010330578512396695,0.303076796226683,0.0024104683195592287,0.00827847823861741
0.001033057851239668,0.6488241387961983,0.001033057851239668,0.34035463435007923,0.001033057851239668,0.001721763085399446,0.001033057851239668,0.004967232363364386
0.0010245901639344263,0.6729782112013512,0.0010245901639344263,0.01086605172531449,0.0010245901639344263,0.3024806343394051,0.0023907103825136613,0.00821062185961235
