0.125,0.125,0.125,0.125,0.125,0.125,0.125,0.125
0.125,0.125,0.125,0.125,0.125,0.125,0.125,0.125
0.0625,0.0625,0.0625,0.14583333333333331,0.0625,0.14583333333333331,0.14583333333333331,0.3125
0.0625,0.23750000000000004,0.0625,0.2875000000000001,0.0625,0.08750000000000002,0.0625,0.13749999999999996
0.09606824925816024,0.13761127596439168,0.05452522255192879,0.1516238048137158,0.06639465875370922,0.16349324101549623,0.09722222222222222,0.23306132542037586
0.04166666666666666,0.3109733629200663,0.04166666666666666,0.37235997041326707,0.04166666666666666,0.05833333333333334,0.04166666666666666,0.09166666666666662
0.15301729973315234,0.20774196718455923,0.040893916913946594,0.11720621301668269,0.06851830415081857,0.16490963826889207,0.07291666666666667,0.1747959940652819
0.03125,0.35271723769007324,0.03125,0.40978276230992683,0.03125,0.04375000000000001,0.03125,0.06874999999999998
0.21102152308130137,0.26723580846205885,0.03271513353115727,0.09376497041334612,0.054814643320654846,0.14227779260592263,0.05833333333333333,0.1398367952522255
0.025,0.3873677116354547,0.025,0.42263228836454525,0.025,0.03500000000000001,0.025,0.05499999999999998
0.2590540106622889,0.3061604322905113,0.027262611275964393,0.0781374753444551,0.045678869433879034,0.1185648271716022,0.048611111111111105,0.11653066271018792
0.020833333333333332,0.41903457883545747,0.020833333333333332,0.42263208783120915,0.020833333333333332,0.029166666666666674,0.020833333333333332,0.045833333333333316
0.2990200161344129,0.32830664925370145,0.02336795252225519,0.0669749788666758,0.039153316657610605,0.10162699471851618,0.041666666666666664,0.09988342518016106
0.017857142857142856,0.44866156054006145,0.017857142857142856,0.4156241537456528,0.017857142857142856,0.025000000000000005,0.017857142857142856,0.03928571428571427
0.33501978527624343,0.33889104693835664,0.020446958456973294,0.05860310650834133,0.03425915207540928,0.08892362037870165,0.03645833333333333,0.08739799703264094
0.015625000000000003,0.47671368208292847,0.015625000000000003,0.40453631791707173,0.015625000000000003,0.02187500000000001,0.015625000000000003,0.034374999999999996
0.3695030115841025,0.34063995038443107,0.018175074183976264,0.05209165022963675,0.030452579622586032,0.07904321811440149,0.03240740740740741,0.07768710847345862
0.013888888888888888,0.5033427274310928,0.013888888888888888,0.3911017170133515,0.013888888888888888,0.019444444444444448,0.013888888888888888,0.030555555555555544
0.40428163632852304,0.33484702944315736,0.01635756676557864,0.04688248520667308,0.02740732166032743,0.07113889630296134,0.029166666666666674,0.06991839762611278
0.0125,0.5284057415697391,0.0125,0.3765942584302608,0.0125,0.017500000000000005,0.0125,0.02749999999999999
0.44113940897262427,0.3217048326379942,0.014870515241435128,0.04262044109697553,0.02491574696393403,0.06467172391178304,0.02651515151515152,0.06356217966010252
0.011363636363636364,0.5514033798559056,0.011363636363636364,0.362232983780458,0.011363636363636364,0.015909090909090914,0.011363636363636364,0.02499999999999999
0.48249456772407845,0.30011265375232177,0.0136313056379822,0.039068737672227564,0.022839434716939524,0.059282413585801115,0.02430555555555556,0.05826533135509397
0.010416666666666666,0.5713608794337464,0.010416666666666666,0.34947245389958687,0.010416666666666666,0.014583333333333337,0.010416666666666666,0.022916666666666658
0.5223026778991494,0.2770270650021432,0.012582743665829723,0.03606345015897929,0.02108255512332879,0.054722227925354874,0.02243589743589744,0.05378338278931751
0.009615384615384616,0.5882479944611501,0.009615384615384616,0.33867508246192674,0.009615384615384616,0.013461538461538466,0.009615384615384616,0.021153846153846148
0.5564239151920672,0.2572394175019901,0.0116839762611276,0.03348748943333791,0.019576658328805306,0.050813497359258095,0.020833333333333336,0.049941712590080546
0.008928571428571432,0.602722664484639,0.008928571428571432,0.32942019265821815,0.008928571428571432,0.012500000000000008,0.008928571428571432,0.019642857142857142
0.5859956541792628,0.24009012300185742,0.010905044510385759,0.03125499013778205,0.018271547773551618,0.04742593086864089,0.019444444444444448,0.04661226508407518
0.00833333333333334,0.6152673785049958,0.00833333333333334,0.32139928816167074,0.00833333333333334,0.01166666666666668,0.00833333333333334,0.018333333333333344
0.6118709257930589,0.22508449031424133,0.010223479228486649,0.02930155325417067,0.017129576037704642,0.04446181018935083,0.018229166666666668,0.043698998516320475
0.00781250000000001,0.6262440032728082,0.00781250000000001,0.3143809967271918,0.00781250000000001,0.010937500000000017,0.00781250000000001,0.017187500000000015
0.6347020478052318,0.21184422617810944,0.009622098097399197,0.027577932474513567,0.01612195391783966,0.04184640958997725,0.017156862745098037,0.04112846919183103
0.0073529411764706,0.6359292604208779,0.0073529411764706,0.3081883866379456,0.0073529411764706,0.010294117647058844,0.0073529411764706,0.016176470588235316
0.654996378482719,0.2000751025015478,0.00908753709198813,0.026045825114818368,0.015226289811293012,0.03952160905720073,0.016203703703703703,0.038843554236729305
0.006944444444444458,0.6445383778858287,0.006944444444444458,0.3026838443363935,0.006944444444444458,0.009722222222222243,0.006944444444444458,0.015277777777777803
0.6731544638257337,0.18954483394883476,0.008609245666094018,0.024674992214038453,0.014424906137014432,0.03744152436997964,0.015350877192982454,0.036799156645322496
0.006578947368421067,0.6522412724597321,0.006578947368421067,0.2977587275402679,0.006578947368421067,0.009210526315789497,0.006578947368421067,0.014473684210526343
0.689496740634447,0.18006759225139302,0.008178783382789318,0.02344124260333653,0.013703660830163712,0.03556944815148066,0.014583333333333332,0.034959198813056376
0.006250000000000016,0.6591738775762451,0.006250000000000016,0.29332612242375483,0.006250000000000016,0.008750000000000023,0.006250000000000016,0.01375000000000003
0.7042826101280448,0.17149294500132667,0.007789317507418398,0.022324992955558603,0.013051105552536867,0.033875664906172054,0.013888888888888886,0.03329447506005369
0.0059523809523809685,0.6654462345864236,0.0059523809523809685,0.2893156701754811,0.0059523809523809685,0.008333333333333358,0.0059523809523809685,0.013095238095238127
0.7177243096676791,0.16369781113763002,0.007435257620717561,0.021310220548487756,0.01245787348196701,0.032335861955891505,0.013257575757575756,0.03178108983005125
0.0056818181818181985,0.6711483773229495,0.0056818181818181985,0.28566980449523227,0.0056818181818181985,0.00795454545454548,0.0056818181818181985,0.012500000000000032
0.7299971657690844,0.1565805150012113,0.007111985550251581,0.020383689220292635,0.011916226808838009,0.03092995491433101,0.012681159420289854,0.030399303315701197
0.005434782608695669,0.676354681560647,0.005434782608695669,0.2823409706132659,0.005434782608695669,0.0076086956521739385,0.005434782608695669,0.011956521739130468
0.7412472838620392,0.15005632687616086,0.006815652818991098,0.019534368836113775,0.011419717358469758,0.02964120679290055,0.012152777777777776,0.02913266567754698
0.00520833333333335,0.6811271271118698,0.00520833333333335,0.2792895395547968,0.00520833333333335,0.007291666666666692,0.00520833333333335,0.011458333333333367
0.7515973925075576,0.1440540738011144,0.006543026706231454,0.018752994082669224,0.01096292866413097,0.02845555852118453,0.011666666666666665,0.0279673590504451
0.0050000000000000175,0.6855177770189947,0.0050000000000000175,0.27648222298100517,0.0050000000000000175,0.007000000000000025,0.0050000000000000175,0.011000000000000034
0.7611513389495747,0.13851353250107154,0.00629137183291486,0.01803172507948964,0.010541277561664394,0.02736111396267743,0.011217948717948716,0.02689169139465875
0.0048076923076923244,0.6895706846255716,0.0048076923076923244,0.2738908538359668,0.0048076923076923244,0.006730769230769256,0.0048076923076923244,0.01057692307692311
0.769997585655146,0.13338340166769852,0.00605835806132542,0.017363883409878912,0.010150859874195341,0.026347739371467154,0.010802469135802469,0.025895702824486205
0.004629629629629647,0.6933233768538836,0.004629629629629647,0.2714914379609312,0.004629629629629647,0.006481481481481507,0.004629629629629647,0.010185185185185219
0.7782119575960336,0.12861970875099502,0.005841988130563798,0.01674374471666895,0.009788329164402651,0.025406748679629044,0.010416666666666666,0.024970856295040266
0.004464285714285731,0.696808019637316,0.004464285714285731,0.2692634089341125,0.004464285714285731,0.0062500000000000255,0.004464285714285731,0.009821428571428606
0.7858598211272049,0.12418454638027104,0.005640540263992633,0.016166374209197608,0.009450800572526697,0.02453065389757287,0.010057471264367814,0.024109792284866465
0.004310344827586224,0.7000523422287876,0.004310344827586224,0.2671890370815571,0.004310344827586224,0.006034482758620715,0.004310344827586224,0.00948275862068969
0.7929978270896314,0.12004506150092868,0.0054525222551928786,0.01562749506889102,0.009135773886775807,0.02371296543432044,0.00972222222222222,0.02330613254203758
0.004166666666666683,0.7030803766474945,0.004166666666666683,0.26525295668583876,0.004166666666666683,0.005833333333333358,0.004166666666666683,0.009166666666666701
0.7996753165383529,0.11617264016218905,0.005276634440509237,0.015123382324733247,0.008841071503331426,0.022948031065471393,0.009408602150537633,0.02255432181487508
0.0040322580645161445,0.7059130540069298,0.0040322580645161445,0.26344178470274754,0.0040322580645161445,0.005645161290322604,0.0040322580645161445,0.008870967741935515
0.8059354628965294,0.11254224515712064,0.005111739614243323,0.014650776627085332,0.00856478801885232,0.022230905094675412,0.009114583333333332,0.021849499258160234
0.003906250000000015,0.7085686890314004,0.003906250000000015,0.26174381096859956,0.003906250000000015,0.005468750000000022,0.003906250000000015,0.00859375000000003
0.8118162064451195,0.10913187409175337,0.004956838413811709,0.01420681369899184,0.008305248987978008,0.021557241303927676,0.00883838383838384,0.02118739322003417
0.003787878787878802,0.7110633764786303,0.003787878787878802,0.2601487447334908,0.003787878787878802,0.005303030303030324,0.003787878787878802,0.008333333333333361
0.817351023902616,0.10592211308905473,0.0048110490486995994,0.013788966237256787,0.008060976958919832,0.020923204794988628,0.00857843137254902,0.02056423459591552
0.003676470588235307,0.713411317605435,0.003676470588235307,0.25864750592397673,0.003676470588235307,0.005147058823529432,0.003676470588235307,0.008088235294117674
0.8225695660768269,0.10289576700079602,0.004673590504451038,0.013394995773335161,0.00783066333152212,0.020325398943703235,0.008333333333333331,0.019976685036032213
0.003571428571428584,0.7156250906678507,0.003571428571428584,0.257232052189292,0.003571428571428584,0.005000000000000018,0.003571428571428584,0.007857142857142882
0.8274981892413594,0.1000375512507739,0.004543768545994065,0.013022912557409184,0.007613144905646506,0.019760804528600365,0.008101851851851851,0.019421777118364653
0.0034722222222222337,0.7177158763379101,0.0034722222222222337,0.2558952347732009,0.0034722222222222337,0.0048611111111111285,0.0034722222222222337,0.007638888888888912
0.8321604003429444,0.09733383364940162,0.004420963990696928,0.012670941947749476,0.007407384232520925,0.019226728730530086,0.007882882882882882,0.018896864223273715
0.0033783783783783894,0.7196936465663447,0.0033783783783783894,0.2546306777579796,0.0033783783783783894,0.0047297297297297465,0.0033783783783783894,0.0074324324324324545
0.8365772319128668,0.09477241697441738,0.004304622833047009,0.012337496107019227,0.007212453068507216,0.01872076218498982,0.007675438596491227,0.018399578322661248
0.003289473684210537,0.7215673236248616,0.003289473684210537,0.25343267637513833,0.003289473684210537,0.004605263157894753,0.003289473684210537,0.007236842105263179
0.8407675592997165,0.09234235500071437,0.004194247888609906,0.012021150052993094,0.007027518374442929,0.018240742641784952,0.007478632478632478,0.017927794263105833
0.003205128205128215,0.7233449146803776,0.003205128205128215,0.2522961109606479,0.003205128205128215,0.0044871794871795025,0.003205128205128215,0.0070512820512820705
0.8447483703172235,0.09003379612569651,0.004089391691394659,0.011720621301668266,0.006851830415081856,0.01778472407574033,0.007291666666666666,0.017479599406528188
0.0031250000000000093,0.725033626183118,0.0031250000000000093,0.251216373816882,0.0031250000000000093,0.004375000000000014,0.0031250000000000093,0.006875000000000018
0.8485349954314376,0.0878378498787283,0.003989650430628935,0.011434752489432454,0.006684712600079859,0.017350950317795443,0.007113821138211381,0.017053267713686038
0.003048780487804887,0.7266399615149929,0.003048780487804887,0.25018930677769,0.003048780487804887,0.004268292682926843,0.003048780487804887,0.006707317073170749
0.8521413050640224,0.08574647250066333,0.003894658753709199,0.011162496477779301,0.006525552776268434,0.016937832453086027,0.006944444444444443,0.016647237530026844
0.0029761904761904847,0.728169804688207,0.0029761904761904847,0.24921114769274533,0.0029761904761904847,0.00416666666666668,0.0029761904761904847,0.006547619047619064
0.8555798793648591,0.08375236848902001,0.0038040852943206126,0.010902903536435596,0.006373795734959865,0.016543929372781704,0.0067829457364341076,0.01626009247118901
0.0029069767441860547,0.7296284923649926,0.0029069767441860547,0.2482784843791934,0.0029069767441860547,0.004069767441860477,0.0029069767441860547,0.006395348837209318
0.8588621548338395,0.08184890556881501,0.0037176288103587807,0.010655110274243878,0.006228936740983505,0.016167930977945753,0.006628787878787878,0.015890544915025624
0.002840909090909099,0.7310208760564698,0.002840909090909099,0.24738821485262108,0.002840909090909099,0.003977272727272739,0.002840909090909099,0.006250000000000015
0.8619985513930876,0.08003004100061911,0.0036350148367952522,0.010418330045927347,0.0060905159245172045,0.015808643622880293,0.00648148148148148,0.015537421694691722
0.0027777777777777835,0.732351376028326,0.0027777777777777835,0.24653751286056294,0.0027777777777777835,0.003888888888888898,0.0027777777777777835,0.006111111111111122
0.8649985828845422,0.07829025750060566,0.0035559927751257904,0.010191844610146317,0.0059581134044190045,0.015464977457165505,0.006340579710144927,0.015199651657850598
0.00271739130434783,0.7336240281753188,0.00271739130434783,0.24572379791163776,0.00271739130434783,0.0038043478260869627,0.00271739130434783,0.005978260869565224
0.8678709534614668,0.0766245073410183,0.003480333354378433,0.00997499685248363,0.005831345034112217,0.015135935383608792,0.006205673758865248,0.014876254814066542
0.0026595744680851085,0.7348425249118014,0.0026595744680851085,0.24494470913075198,0.0026595744680851085,0.0037234042553191526,0.0026595744680851085,0.005851063829787236
0.8706236419310196,0.07502816343808043,0.003407826409495549,0.009767184418056888,0.005709858679234879,0.014820603396450275,0.006076388888888888,0.01456633283877349
0.002604166666666667,0.7360102509509303,0.002604166666666667,0.24419808238240306,0.002604166666666667,0.0036458333333333347,0.002604166666666667,0.005729166666666665
0.873263975769162,0.07349697642914,0.0033382789317507417,0.009567854123810829,0.005593330951087229,0.014518142102645168,0.005952380952380952,0.01426906074002301
0.0025510204081632642,0.737130314702748,0.0025510204081632642,0.24348193019521128,0.0025510204081632642,0.003571428571428571,0.0025510204081632642,0.00561224489795918
0.8757986962537788,0.0720270369005572,0.003271513353115727,0.009376497041334612,0.005481464332065485,0.014227779260592264,0.005833333333333333,0.01398367952522255
0.0024999999999999974,0.738205575904493,0.0024999999999999974,0.24279442409550717,0.0024999999999999974,0.0034999999999999975,0.0024999999999999974,0.005499999999999993
0.8782340159350772,0.07061474205936981,0.003207366032466399,0.00919264415817119,0.005373984639279887,0.013948803196659082,0.005718954248366013,0.013709489730610343
0.002450980392156859,0.7392386700002871,0.002450980392156859,0.24213387901932085,0.002450980392156859,0.0034313725490196035,0.002450980392156859,0.005392156862745088
0.8805756694747873,0.06925676625053577,0.00314568591645743,0.00901586253974482,0.005270638780832197,0.013680556981338715,0.005608974358974358,0.013445845697329374
0.0024038461538461488,0.7402320297077815,0.0024038461538461488,0.24149873952298784,0.0024038461538461488,0.0033653846153846095,0.0024038461538461488,0.005288461538461526
0.88282895872998,0.06795003481184642,0.003086333351995969,0.008845751925787371,0.0051711927660995135,0.013422433264709682,0.00550314465408805,0.013192150495492971
0.0023584905660377297,0.7411879041432949,0.0023584905660377297,0.24088756755481835,0.0023584905660377297,0.0033018867924528225,0.0023584905660377297,0.005188679245283004
0.884998792827573,0.06669170083384926,0.00302917903066271,0.008681941704939456,0.0050754299370976705,0.013173869685733577,0.005401234567901234,0.012947851412243102
0.0023148148148148077,0.7421083758219376,0.0023148148148148077,0.24029903158546997,0.0023148148148148077,0.0032407407407407315,0.0023148148148148077,0.005092592592592576
0.8870897238670716,0.06547912445505201,0.0029741030482870246,0.008524088219395102,0.004983149392786804,0.012934344782356604,0.0053030303030303025,0.0127124359320205
0.002272727272727265,0.742995375803175,0.002272727272727265,0.23973189692409788,0.002272727272727265,0.0031818181818181715,0.002272727272727265,0.004999999999999981
0.8891059787980168,0.06430985437549751,0.002920994065281899,0.008371872358334476,0.004894164582201326,0.012703374339814522,0.005208333333333333,0.012485428147520133
0.0022321428571428483,0.7438506972136539,0.0022321428571428483,0.23918501707206052,0.0022321428571428483,0.0031249999999999885,0.0022321428571428483,0.004910714285714265
0.8910514879419112,0.06318161131627825,0.0028697485553646727,0.008224997404679486,0.004808302045671477,0.012480508123326546,0.005116959064327485,0.012266385548440834
0.002192982456140341,0.7446760073465721,0.002192982456140341,0.23865732598676132,0.002192982456140341,0.0030701754385964787,0.002192982456140341,0.00482456140350875
0.8929299105636024,0.06209227319013552,0.0028202701319963164,0.008083187104598804,0.004725400286263348,0.012265326948786435,0.005028735632183907,0.012054896142433233
0.002155172413793093,0.7454728585093898,0.002155172413793093,0.23814783114578275,0.002155172413793093,0.0030172413793103313,0.002155172413793093,0.004741379310344803
0.8947446578421855,0.06103986178013322,0.0027724689433184127,0.007946183933334417,0.0046453087559876986,0.012057440051349375,0.004943502824858757,0.01185057586883267
0.0021186440677965993,0.7462426977683831,0.0021186440677965993,0.2376556073163628,0.0021186440677965993,0.0029661016949152396,0.0021186440677965993,0.004661016949152517
0.8964989135448157,0.06002253075046434,0.0027262611275964393,0.00781374753444551,0.0045678869433879036,0.01185648271716022,0.00486111111111111,0.01165306627101879
0.0020833333333333216,0.7469868757187433,0.0020833333333333216,0.23717979094792352,0.0020833333333333216,0.002916666666666651,0.0020833333333333216,0.0045833333333333065
0.8981956526670318,0.0590385548365223,0.002681568322226006,0.007685653312569355,0.0044930035508733476,0.011662114148026446,0.004781420765027322,0.011462032397723402
0.0020491803278688404,0.7477066543920425,0.0020491803278688404,0.23671957511615435,0.0020491803278688404,0.0028688524590163773,0.0020491803278688404,0.004508196721311447
0.8998376582691765,0.058086320081094524,0.0026383172202546186,0.007561691162366623,0.004420535751665713,0.011474015532735696,0.0047043010752688165,0.01127716090743754
0.002016129032258052,0.7484032143984611,0.002016129032258052,0.23627420495637777,0.002016129032258052,0.0028225806451612732,0.002016129032258052,0.0044354838709677125
0.9014275367093483,0.05716431500044223,0.0025964391691394658,0.007441664318519534,0.004350368517512289,0.011291888302057353,0.004629629629629629,0.01109815835335123
0.001984126984126971,0.7490776613888029,0.001984126984126971,0.23584297353183217,0.001984126984126971,0.00277777777777776,0.001984126984126971,0.004365079365079335
0.9029677314482647,0.05627112257856032,0.0025558698071216617,0.007325388313542666,0.00428239400942616,0.011115452547337706,0.004557291666666666,0.010924749629080117
0.0019531249999999861,0.7497310319106965,0.0019531249999999861,0.2354252180893036,0.0019531249999999861,0.002734374999999981,0.0019531249999999861,0.004296874999999968
0.9044605355798296,0.05540541300042861,0.0025165487331659433,0.007212690031795854,0.0042165110246657565,0.01094444558507097,0.004487179487179486,0.010756676557863498
0.0019230769230769089,0.7503642987242242,0.0019230769230769089,0.23502031666039133,0.0019230769230769089,0.002692307692307673,0.0019230769230769089,0.004230769230769198
0.9059081032225597,0.05456593704587667,0.002478419206905854,0.0071034068494959185,0.004152624493989003,0.010778620651963836,0.004419191919191919,0.010593696610017083
0.0018939393939393792,0.7509783756343116,0.0018939393939393792,0.23462768497174913,0.0018939393939393792,0.0026515151515151317,0.0018939393939393792,0.004166666666666633
0.9073124598908795,0.05375152007504268,0.0024414278754594974,0.006997385851742247,0.004090645023929465,0.010617745716859896,0.0043532338308457695,0.010435581735240706
0.0018656716417910298,0.7515741218903665,0.0018656716417910298,0.2342467736320216,0.0018656716417910298,0.0026119402985074424,0.0018656716417910298,0.004104477611940264
0.9086755119513078,0.052961056544527346,0.002405524524349799,0.00689448311862839,0.004030488479459914,0.010461602397494309,0.0042892156862745084,0.010282117297957754
0.0018382352941176316,0.752152346197714,0.0018382352941176316,0.23387706556699195,0.0018382352941176316,0.002573529411764685,0.0018382352941176316,0.004044117647058788
0.9099990552563613,0.05219350500040376,0.0023706618500838597,0.006794563073430878,0.003972075602946002,0.010309984971443668,0.004227053140096617,0.01013310110523373
0.0018115942028985351,0.7527138103802108,0.0018115942028985351,0.23351807367776026,0.0018115942028985351,0.0025362318840579496,0.0018115942028985351,0.003985507246376776
0.9112847830384132,0.051447883500397994,0.0023367952522255187,0.006697497886667579,0.003915331665761059,0.010162699471851614,0.004166666666666665,0.009988342518016105
0.0017857142857142698,0.753259232728922,0.0017857142857142698,0.23316933869964948,0.0017857142857142698,0.0024999999999999784,0.0017857142857142698,0.003928571428571392
0.9125342931364637,0.0507232654229276,0.002303882643039244,0.006603166930517331,0.00386018614934189,0.010019562859572015,0.004107981220657276,0.009847661637480666
0.001760563380281674,0.7537892910678103,0.001760563380281674,0.23283042724204886,0.001760563380281674,0.0024647887323943443,0.001760563380281674,0.0038732394366196815
0.9137490946206795,0.05001877562538694,0.002271884272997032,0.006511456278704591,0.0038065724528232522,0.00988040226430018,0.004050925925925925,0.009710888559182325
0.0017361111111110948,0.7543046255639518,0.0017361111111110948,0.23250092999160382,0.0017361111111110948,0.002430555555555533,0.0017361111111110948,0.003819444444444407
0.9149306138724511,0.049333586918189856,0.00224076257062721,0.00642225824748946,0.0037544276247023856,0.009745054288076892,0.003995433789954337,0.009577862688508593
0.001712328767123271,0.7548058413067743,0.001712328767123271,0.2321804600630888,0.001712328767123271,0.00239726027397258,0.001712328767123271,0.003767123287671195
0.916080200171472,0.048666916824700805,0.0022104819953484636,0.006335470973874737,0.0037036921162604615,0.009613364365265041,0.00394144144144144,0.009448432111636856
0.0016891891891891724,0.7552935106781692,0.0016891891891891724,0.23186865148399305,0.0016891891891891724,0.002364864864864842,0.0016891891891891724,0.003716216216216178
0.9171991308358524,0.04801802460037146,0.0021810089020771507,0.0062509980275564075,0.003654309554710322,0.009485186173728174,0.0038888888888888875,0.009322453016815032
0.0016666666666666496,0.7557681755329936,0.0016666666666666496,0.2315651578003399,0.0016666666666666496,0.00233333333333331,0.0016666666666666496,0.003666666666666628
0.9182886159564333,0.04738620848720868,0.002152311416523504,0.0061687480535096125,0.0036062265342536076,0.009360381092494909,0.003837719298245613,0.009199789161330622
0.001644736842105246,0.7562303492074277,0.001644736842105246,0.23126965079257233,0.001644736842105246,0.002302631578947345,0.001644736842105246,0.00361842105263154
0.9193498027621939,0.04677080318217999,0.002124359320205017,0.006088634442425072,0.003559392423419145,0.009238817701683286,0.0037878787878787867,0.009080311380014642
0.001623376623376606,0.7566805183708377,0.001623376623376606,0.23098181929150005,0.001623376623376606,0.0022727272727272488,0.001623376623376606,0.003571428571428532
0.9203837796498581,0.04617117750035717,0.002097123944304953,0.006010575026496545,0.0035137591872214636,0.009120371320892474,0.003739316239316238,0.008963897131552915
0.001602564102564085,0.7571191447351859,0.001602564102564085,0.23070136808532704,0.001602564102564085,0.0022435897435897196,0.001602564102564085,0.003525641025640986
0.9213915799074548,0.045586732215542526,0.0020705780715922317,0.005934491798313045,0.003469281222826255,0.00900492358265333,0.003691983122362868,0.008850430079254777
0.0015822784810126406,0.7575466666346138,0.0015822784810126406,0.23042801690969006,0.0015822784810126406,0.0022151898734176973,0.0015822784810126406,0.003481012658227808
0.9223741851586116,0.04501689806284825,0.002044695845697329,0.005860310650834132,0.003425915207540927,0.008892362037870163,0.003645833333333332,0.008739799703264092
0.0015624999999999823,0.7579635004865561,0.0015624999999999823,0.230161499513444,0.0015624999999999823,0.0021874999999999755,0.0015624999999999823,0.0034374999999999597
0.9233325285517151,0.04446113388923283,0.002019452687108473,0.0057879611366263035,0.0033836199580651134,0.00878257979048905,0.0036008230452674885,0.0086319009414954
0.001543209876543192,0.7583700421446232,0.001543209876543192,0.22990156279364846,0.001543209876543192,0.0021604938271604693,0.001543209876543192,0.0033950617283950214
0.9242674977157186,0.04391892493936414,0.001994825215314467,0.005717376244716226,0.003342356300039929,0.00867547515889772,0.00355691056910569,0.008526633856843017
0.001524390243902421,0.7587666681524936,0.001524390243902421,0.22964796599384796,0.001524390243902421,0.00213414634146339,0.001524390243902421,0.0033536585365853255
0.9251799375022762,0.0433897812653959,0.001970791176575739,0.005648492193575067,0.0033020869470273997,0.008570951361802567,0.0035140562248995974,0.008423903328447318
0.001506024096385524,0.7591537369071623,0.001506024096385524,0.22940047996030768,0.001506024096385524,0.0021084337349397343,0.001506024096385524,0.003313253012048152
0.926070652532011,0.04287323625033166,0.001947329376854599,0.00558124823888965,0.0032627763881342164,0.008468916226543013,0.003472222222222221,0.00832361876501342
0.00148809523809522,0.7595315897391007,0.00148809523809522,0.22915888645137553,0.00148809523809522,0.0020833333333333086,0.00148809523809522,0.0032738095238094827
0.9269404095610462,0.04236884523562188,0.001924419619479839,0.005515586494902713,0.0032243907835679316,0.008369281917995448,0.003431372549019607,0.008225693838366204
0.0014705882352940994,0.7599005519161701,0.0014705882352940994,0.2289229774955947,0.0014705882352940994,0.0020588235294117397,0.0014705882352940994,0.0032352941176470177
0.9277899396824294,0.04187618424451,0.001902042647160306,0.005451451768217797,0.0031868978674799322,0.00827196468639085,0.0033914728682170533,0.008130046235594504
0.001453488372093005,0.7602609335774937,0.001453488372093005,0.22869255479459946,0.001453488372093005,0.0020348837209302074,0.001453488372093005,0.00319767441860461
0.9286199403757348,0.04139484879342367,0.0018801800879975439,0.005388791403065868,0.0031502668575088986,0.008176884632524289,0.003352490421455938,0.00803659742828882
0.001436781609195384,0.7606130306029247,0.001436781609195384,0.22846742916719034,0.001436781609195384,0.002011494252873538,0.001436781609195384,0.003160919540229844
0.9294310774169197,0.0409244527844075,0.0018588144051793901,0.005327555137121938,0.003114468370491752,0.008083965488972876,0.0033143939393939386,0.00794527245751281
0.001420454545454527,0.7609571254232324,0.001420454545454527,0.22824742003131326,0.001420454545454527,0.0019886363636363383,0.001420454545454527,0.0031249999999999585
0.9302239866594262,0.040464627472223146,0.0018379288500650149,0.005267694967041916,0.003079474343857013,0.007993134416063068,0.0032771535580524334,0.007855999733271094
0.0014044943820224534,0.7612934877756679,0.0014044943820224534,0.2280323549209615,0.0014044943820224534,0.0019662921348314356,0.0014044943820224534,0.0030898876404493966
0.9309992756965436,0.040015020500309556,0.001817507418397626,0.005209165022963673,0.003045257962258602,0.007904321811440145,0.0032407407407407398,0.00776871084734586
0.0013888888888888705,0.7616223754091603,0.0013888888888888705,0.2278220690352842,0.0013888888888888705,0.0019444444444444192,0.0013888888888888705,0.003055555555555514
0.931757525414164,0.039575295000306154,0.0017975348094042454,0.005151921451282754,0.0030117935890469688,0.00781746113219355,0.003205128205128204,0.007683340398473927
0.001373626373626355,0.7619440347430156,0.001373626373626355,0.22761640481742398,0.001373626373626355,0.0019230769230768978,0.001373626373626355,0.0030219780219779805
0.932499291442271,0.03914512875030282,0.0017779963875628948,0.005095922305073159,0.002979056702209502,0.007732488728582751,0.0031702898550724627,0.0075998258289252975
0.0013586956521738946,0.7622587014826567,0.0013586956521738946,0.22741521156082162,0.0013586956521738946,0.001902173913043453,0.0013586956521738946,0.002989130434782567
0.9332251055127841,0.038724213387396345,0.0017588781468364121,0.005041127441577748,0.0029470238344438083,0.007649343688490463,0.0031362007168458774,0.007518107271625026
0.0013440860215053578,0.7625666011956389,0.0013440860215053578,0.22721834504092037,0.0013440860215053578,0.0018817204301075014,0.0013440860215053578,0.002956989247311786
0.9339354767307333,0.038312253670509146,0.0017401666771892162,0.004987498426241814,0.0029156725170561082,0.007567967691804394,0.0031028368794326234,0.00743812740703327
0.0013297872340425347,0.762867949850898,0.0013297872340425347,0.22702566717037873,0.0013297872340425347,0.001861702127659549,0.0013297872340425347,0.0029255319148935753
0.9346308927651467,0.03790896678976694,0.0017218491332188035,0.00493499844280769,0.002884981227402886,0.007488304873995927,0.0030701754385964904,0.007359831329064499
0.001315789473684192,0.7631629543239411,0.001315789473684192,0.22683704567605903,0.001315789473684192,0.0018421052631578693,0.001315789473684192,0.0028947368421052217
0.9353118209655097,0.03751408171904021,0.0017039132047477743,0.004883592209028443,0.002854929339617439,0.007410301698225136,0.0030381944444444436,0.007283166419386744
0.0013020833333333148,0.7634518128704625,0.0013020833333333148,0.2266523537962043,0.0013020833333333148,0.0018229166666666413,0.0013020833333333148,0.0028645833333332915
0.9359787094091642,0.037127338608534635,0.0016863470892349106,0.00483324589759516,0.0028254970783842697,0.007333906835356836,0.0030068728522336763,0.007208082229496158
0.0012886597938144145,0.7637347155706639,0.0012886597938144145,0.22647146999634657,0.0012886597938144145,0.0018041237113401807,0.0012886597938144145,0.002835051546391711
0.9366319878845809,0.036748488214569996,0.0016691394658753707,0.004783927061905414,0.002796665475543614,0.007259071051322582,0.0029761904761904756,0.007134530370011504
0.0012755102040816141,0.7640118447463713,0.0012755102040816141,0.2262942777026084,0.0012755102040816141,0.0017857142857142603,0.0012755102040816141,0.00280612244897955
0.9372720688150397,0.03637729136391778,0.001652279471270569,0.004735604566330612,0.002768416329326002,0.007185747101309223,0.0029461279461279453,0.007062464406678054
0.001262626262626244,0.7642833753528725,0.001262626262626244,0.22612066505116798,0.001262626262626244,0.0017676767676767422,0.001262626262626244,0.0027777777777777363
0.9378993481268892,0.0360135184502786,0.0016357566765578633,0.004688248520667306,0.002740732166032742,0.007113889630296131,0.002916666666666666,0.006991839762611274
0.0012499999999999816,0.7645494753472437,0.0012499999999999816,0.22595052465275636,0.0012499999999999816,0.0017499999999999747,0.0012499999999999816,0.0027499999999999586
0.938514206066227,0.035656948960671876,0.0016195610658988745,0.004641830218482481,0.0027135962039928135,0.00704345507950112,0.002887788778877887,0.006922613626347796
0.0012376237623762192,0.7648103060347957,0.0012376237623762192,0.22578375337114498,0.0012376237623762192,0.0017326732673267073,0.0012376237623762192,0.0027227722772276814
0.9391170079675385,0.0353073710296849,0.0016036830162331993,0.004596322079085594,0.002686992319639943,0.00697440159832954,0.002859477124183006,0.006854744865305171
0.001225490196078413,0.7650660223951409,0.001225490196078413,0.22562025211466322,0.001225490196078413,0.0017156862745097785,0.001225490196078413,0.0026960784313725078
0.9397081049775624,0.03496458101968796,0.0015881132782115178,0.004551697592880879,0.0026609050155657686,0.006906688961452554,0.0028317152103559864,0.0067881939442827905
0.0012135922330096904,0.7653167733892656,0.0012135922330096904,0.2254599256398607,0.0012135922330096904,0.0016990291262135668,0.0012135922330096904,0.002669902912621318
0.9402878347373935,0.034628383125267885,0.0015728429582287148,0.00450793126987241,0.002635319390416098,0.006840278490669357,0.0028044871794871786,0.006722922848664686
0.0012019230769230586,0.765562702248888,0.0012019230769230586,0.22530268236649673,0.0012019230769230586,0.0016826923076922824,0.0012019230769230586,0.0026442307692307277
0.9408565220256089,0.034298589000265334,0.0015578635014836793,0.00446499859111172,0.002610221110507373,0.00677513298123441,0.002777777777777777,0.006658895012010737
0.0011904761904761722,0.7658039467492795,0.0011904761904761722,0.22514843420310157,0.0011904761904761722,0.0016666666666666414,0.0011904761904761722,0.0026190476190475777
0.9414144793649899,0.03397501740592321,0.0015431666759979843,0.004422875962893685,0.0025855963830497563,0.00671121663235484,0.0027515723270440245,0.006596075247746485
0.0011792452830188497,0.7660406394666447,0.0011792452830188497,0.224997096382412,0.0011792452830188497,0.0016509433962263898,0.0011792452830188497,0.002594339622641468
0.9419620075952236,0.033657493878765044,0.0015287445575307133,0.0043815406735208465,0.002561431930871721,0.0066484949815851695,0.002725856697819314,0.006534429684683434
0.0011682242990654023,0.7662729080210685,0.0011682242990654023,0.22484858730603435,0.0011682242990654023,0.0016355140186915635,0.0011682242990654023,0.002570093457943884
0.9424993964137863,0.03334585041692463,0.0015145895153313548,0.004340970852469727,0.002537714968548835,0.006586934842866788,0.0027006172839506167,0.00647392570612155
0.0011574074074073891,0.766500875305966,0.0011574074074073891,0.2247028283977378,0.0011574074074073891,0.0016203703703703452,0.0011574074074073891,0.0025462962962962553
0.9430269248870544,0.03303992518374183,0.0015006941986769387,0.004301145431804868,0.002514433179846552,0.006526504247978101,0.0026758409785932716,0.006414531892303921
0.00114678899082567,0.766724659704902,0.00114678899082567,0.22455974396482284,0.00114678899082567,0.0016055045871559382,0.00114678899082567,0.0025229357798164727
0.9435448619335357,0.032739562227526,0.001487051524143512,0.004262044109697551,0.0024915746963934016,0.006467172391178301,0.002651515151515151,0.006356217966010249
0.001136363636363618,0.7669443752965847,0.001136363636363618,0.22441926106705176,0.001136363636363618,0.0015909090909090658,0.001136363636363618,0.0024999999999999593
0.9440534667809813,0.032444611216467203,0.0014736546635656426,0.004223647315916491,0.0024691280775069745,0.006408909576843361,0.002627627627627627,0.006298954741091238
0.001126126126126108,0.7671601320487776,0.001126126126126108,0.22428130939266397,0.001126126126126108,0.0015765765765765516,0.001126126126126108,0.0024774774774774366
0.9445529893990082,0.03215492718774875,0.0014604970326409495,0.004185936179167237,0.0024470822911006624,0.00635168716990726,0.002604166666666666,0.0062427140737600665
0.0011160714285714105,0.7673720360018241,0.0011160714285714105,0.2241458211410331,0.0011160714285714105,0.001562499999999975,0.0011160714285714105,0.002455357142857102
0.9450436709087515,0.031870370309981064,0.001447572280139702,0.004148892496165757,0.0024254266956041963,0.006295477548934629,0.002581120943952802,0.006187468816470154
0.0011061946902654687,0.7675801894424275,0.0011061946902654687,0.22401273091155496,0.0011061946902654687,0.0015486725663716565,0.0011061946902654687,0.0024336283185840304
0.9455257439709555,0.03159080565813912,0.0014348742776823362,0.004112498702339742,0.0024041510228357383,0.006240254061663273,0.002558479532163742,0.006133192774220416
0.0010964912280701574,0.7677846910682833,0.0010964912280701574,0.2238819755983835,0.0010964912280701574,0.0015350877192982207,0.0010964912280701574,0.0024122807017543453
0.9459994331538167,0.03131610300024226,0.0014223971100503158,0.004076737844058527,0.0023832453617676015,0.0061859909828662005,0.0025362318840579704,0.006079860663140238
0.0010869565217391125,0.7679856361441243,0.0010869565217391125,0.22375349429065847,0.0010869565217391125,0.0015217391304347579,0.0010869565217391125,0.0023913043478260465
0.9464649552818011,0.031046136595067757,0.001410135065998158,0.004041593552299401,0.002362700143131674,0.0061326634743932166,0.0025143678160919536,0.006027448071216615
0.0010775862068965337,0.7681831166496921,0.0010775862068965337,0.2236272281778942,0.0010775862068965337,0.0015086206896551477,0.0010775862068965337,0.0023706896551723734
0.946922519766572,0.03078078500023812,0.0013980826295366352,0.004007050017664364,0.0023425061248143093,0.0060802475472616505,0.0024928774928774924,0.005975931421035277
0.0010683760683760505,0.768377221420122,0.0010683760683760505,0.22350312046021997,0.0010683760683760505,0.0014957264957264711,0.0010683760683760505,0.0023504273504273104
0.9473723289210926,0.030519930890066608,0.0013862344716592061,0.003973091966667208,0.002322654377993849,0.006028720025674688,0.002471751412429378,0.005925287934416334
0.0010593220338982873,0.7685680362791888,0.0010593220338982873,0.22338111626318424,0.0010593220338982873,0.0014830508474576024,0.0010593220338982873,0.002330508474576231
0.9478145782578902,0.030263460882587058,0.0013745854424855994,0.003939704639216223,0.002303136273977094,0.005978058512853892,0.0024509803921568623,0.005875495598833004
0.001050420168067209,0.7687556441658342,0.001050420168067209,0.22326116255685502,0.001050420168067209,0.0014705882352940931,0.001050420168067209,0.0023109243697478593
0.9482494567724077,0.030011265375232167,0.0013631305637982194,0.003906873767222755,0.0022839434716939513,0.005928241358580109,0.002430555555555555,0.005826533135509395
0.0010416666666666489,0.7689401252543688,0.0010416666666666489,0.22314320807896462,0.0010416666666666489,0.001458333333333309,0.0010416666666666489,0.0022916666666666268
0.9486771472123052,0.029763238388659997,0.0013518650219486474,0.003874585554270501,0.0022650679058121835,0.00587924762834391,0.002410468319559228,0.0057783799691002264
0.0010330578512396517,0.7691215570687129,0.0010330578512396517,0.2230272032618658,0.0010330578512396517,0.0014462809917355128,0.0010330578512396517,0.002272727272727233
0.9490978263335158,0.029519277418261148,0.0013407841611130027,0.003842826656284677,0.0022465017754366738,0.005831057074013222,0.002390710382513661,0.0057310161988617
