0.125,0.125,0.125,0.125,0.125,0.125,0.125,0.125
0.125,0.125,0.125,0.125,0.125,0.125,0.125,0.125
0.11498360326210026,0.1620333518534689,0.10190102471281971,0.10725899639297269,0.0898063005611885,0.06830274303637224,0.13562760838797353,0.22008637179310434
0.06250000000000001,0.18750000000000003,0.06250000000000001,0.2708333333333333,0.06250000000000001,0.10416666666666664,0.06250000000000001,0.18750000000000003
0.09651983024784903,0.13305543744127102,0.07438624926111877,0.13085370483277625,0.06588710921886017,0.14753180221303983,0.10138417723666443,0.25038168954842055
0.04166666666666667,0.2061339190584236,0.04166666666666667,0.3689325942000959,0.04166666666666667,0.06944444444444443,0.04166666666666667,0.18882237563036944
0.07909684266780014,0.10963731633928325,0.057699368475590096,0.16710936205737498,0.06916711867639096,0.12476179576526222,0.08086903689076348,0.31165915912753495
0.03125000000000001,0.20608582917212956,0.03125000000000001,0.45649339625348845,0.03125000000000001,0.05208333333333332,0.03125000000000001,0.1603374412410487
0.07403263286478734,0.13455492419211684,0.06129892196977697,0.19816753979330945,0.05602222755358668,0.10197963043837703,0.06884745888600433,0.3050966643020414
0.024999999999999994,0.2011826940378505,0.024999999999999994,0.528880686302644,0.024999999999999994,0.041666666666666644,0.024999999999999994,0.12826995299283891
0.06218184781593819,0.12403438175152731,0.06569161184100815,0.21966316938279065,0.049779657365671186,0.09539369728664408,0.0694762694700659,0.31377936508635457
0.02083333333333333,0.18815888641977868,0.02083333333333333,0.5868939305306334,0.02083333333333333,0.0347222222222222,0.02083333333333333,0.10689162749403244
0.060233841437943844,0.1424054549242429,0.05676725708293822,0.21498445835476115,0.04970066042670762,0.1134477188323121,0.05996623753246653,0.30249437140862767
0.01785714285714286,0.1749866945283115,0.01785714285714286,0.6322014342863274,0.01785714285714286,0.029761904761904757,0.01785714285714286,0.09162139499488497
0.07139009006404888,0.15955399563205463,0.05096917421507536,0.21648770884876586,0.052860312648376415,0.12288055022902396,0.0534085630905361,0.2724496052721188
0.015625000000000003,0.165948100400855,0.015625000000000003,0.665341512311954,0.015625000000000003,0.02604166666666666,0.015625000000000003,0.08016872062052435
0.07131729337116066,0.16503284503764915,0.04905351959936906,0.21259097260470566,0.05987004156962442,0.12954381754330532,0.05200116664515163,0.26059034362903416
0.013888888888888888,0.15790302825909922,0.013888888888888888,0.6921321830411754,0.013888888888888888,0.02314814814814814,0.013888888888888888,0.07126108499602163
0.07040071015537433,0.1842363894265207,0.04568655929965924,0.22749987893005055,0.054725414642574764,0.12048616947019483,0.04972243643371997,0.24724244164190567
0.012500000000000002,0.15448745323789895,0.012500000000000002,0.7105442369323481,0.012500000000000002,0.02083333333333333,0.012500000000000002,0.06413497649641949
0.06897170065165664,0.2111915639082348,0.04533506103468428,0.23481293061705832,0.05550268857617477,0.11110538247020645,0.04700725083660224,0.22607342190538257
0.011363636363636366,0.15783225520961047,0.011363636363636366,0.719469281308796,0.011363636363636366,0.018939393939393936,0.011363636363636366,0.058304524087654075
0.0657370660058141,0.22547570974154638,0.04482091365612521,0.2403423290207604,0.05484703323501724,0.10564536236427215,0.05012705311677072,0.21300453285969403
0.010416666666666675,0.16697419755240972,0.010416666666666675,0.7205522109227961,0.010416666666666675,0.01736111111111112,0.010416666666666675,0.05344581374701626
0.06145002800337038,0.23734920910201146,0.04479864141340839,0.2501981005522381,0.05183881715306435,0.09970905315206327,0.057746772379971716,0.19690937824387234
0.009615384615384625,0.17971796251077418,0.009615384615384625,0.7164602606971081,0.009615384615384625,0.016025641025641035,0.009615384615384625,0.0493345973049381
0.05999125514758762,0.2492841585155807,0.04910470404370462,0.25688994751511746,0.04873609290352487,0.0928023190532714,0.05947059567511607,0.18372092714609722
0.008928571428571437,0.19483408168621993,0.008928571428571437,0.7087599827210994,0.008928571428571437,0.014880952380952389,0.008928571428571437,0.04581069749744252
0.05765064315966608,0.26735771456738594,0.04822586864063221,0.2595783746678151,0.0478310128623387,0.0894124530781744,0.0557896369251734,0.17415429609881422
0.008333333333333338,0.21151237396161288,0.008333333333333338,0.6985087528185518,0.008333333333333338,0.013888888888888892,0.008333333333333338,0.042756650997613006
0.05731324424377628,0.2793971527010853,0.04823352775455225,0.25853551767792904,0.04740070177662457,0.08677027721499811,0.05687228822110294,0.16547729040993153
0.007812500000000007,0.2293241349301914,0.007812500000000007,0.686320671426213,0.007812500000000007,0.013020833333333339,0.007812500000000007,0.0400843603102622
0.057457716001665465,0.287765848430618,0.049196754579008524,0.25823644006468593,0.045750186140264375,0.08527369488548493,0.056838490169550074,0.15948086972872275
0.007352941176470592,0.24788160676717275,0.007352941176470592,0.672725269803561,0.007352941176470592,0.012254901960784315,0.007352941176470592,0.037726456762599704
0.05505856497124607,0.2987569015110918,0.047865308626643975,0.2574023779733637,0.04431507401439803,0.08176291419585979,0.05840851489229885,0.15643034381509782
0.006944444444444444,0.2666815863982237,0.006944444444444444,0.6583360192519137,0.006944444444444444,0.01157407407407407,0.006944444444444444,0.035630542498010814
0.054862598519886605,0.30871699807743086,0.04781905346893502,0.2546651200814226,0.04271646350709308,0.08299593440809723,0.05661676589424607,0.15160706604288832
0.006578947368421052,0.28551883188714006,0.006578947368421052,0.6434452155708849,0.006578947368421052,0.01096491228070175,0.006578947368421052,0.033755250787589196
0.05439573814163947,0.31920238868623274,0.04760951524394331,0.2529366264101743,0.04070895754275738,0.08264155964599375,0.054359799598714446,0.14814541473054446
0.006250000000000002,0.30430488426453284,0.006250000000000002,0.6282109608205908,0.006250000000000002,0.010416666666666666,0.006250000000000002,0.03206748824820975
0.053872872565694244,0.329334545258753,0.04665937978563345,0.2481904015760851,0.04067721634831538,0.08644867146978893,0.052891563376432915,0.14192534961929693
0.005952380952380955,0.3228137541777959,0.005952380952380955,0.6129156220937504,0.005952380952380955,0.00992063492063492,0.005952380952380955,0.030540464998294995
0.05301785292987853,0.3365067078753469,0.047945439401847194,0.2419249365939834,0.03983690274585652,0.09161160789140474,0.05252810098470952,0.13662845157697315
0.0056818181818181854,0.3407906162461141,0.0056818181818181854,0.5978601520130892,0.0056818181818181854,0.009469696969696972,0.0056818181818181854,0.02915226204382705
0.05142541824382461,0.3414261022886981,0.04598755671599543,0.23491173054598058,0.04058687029900175,0.10141885111721438,0.051181107750694406,0.13306236303859076
0.005434782608695657,0.35793899019556535,0.005434782608695657,0.5833791359654118,0.005434782608695657,0.00905797101449276,0.005434782608695657,0.02788477238974762
0.04979617198123577,0.3522103634759184,0.04550113344032884,0.22646614789840624,0.03932457814152629,0.10855871977486348,0.04943563796010303,0.12870724732761776
0.005208333333333338,0.3739945573979532,0.005208333333333338,0.5697686468396499,0.005208333333333338,0.00868055555555556,0.005208333333333338,0.02672290687350814
0.049467865458113554,0.35444034835507277,0.044814732328931156,0.21926017414763366,0.041204125261533636,0.11765269576373351,0.04806809186311559,0.12509196682186616
0.0050000000000000044,0.38864332139144314,0.0050000000000000044,0.5573693546766558,0.0050000000000000044,0.008333333333333337,0.0050000000000000044,0.02565399059856781
0.04897439921148016,0.35993097303842403,0.04405314745231777,0.21164527370127412,0.04001323747474273,0.12614511178891546,0.04705100167737259,0.12218685565547312
0.004807692307692311,0.4017170133545053,0.004807692307692311,0.546372098249436,0.004807692307692311,0.008012820512820517,0.004807692307692311,0.024667298652469048
0.04897422422203222,0.36342145261456715,0.04539953820175451,0.20473811915057313,0.04025540347915411,0.13294481621134893,0.04596472811067423,0.1183017180098957
0.004629629629629634,0.41333678495630843,0.004629629629629634,0.5366749521437831,0.004629629629629634,0.007716049382716052,0.004629629629629634,0.023753694998673896
0.0489388432219091,0.3679674760825537,0.04423420745738637,0.19824868109424706,0.039430738079813406,0.14079804616725022,0.04487419318114771,0.11550781471569234
0.0044642857142857175,0.42349328049547597,0.0044642857142857175,0.5283037517081838,0.0044642857142857175,0.0074404761904761935,0.0044642857142857175,0.022905348748721258
0.04949363870460162,0.36875791532329677,0.04461978877711305,0.19265746167945896,0.03874920671013927,0.14826846208235045,0.043648861552403696,0.11380466517063602
0.00431034482758621,0.4322689549122879,0.00431034482758621,0.521190248594694,0.00431034482758621,0.007183908045977014,0.00431034482758621,0.022115509136696385
0.04819796738013062,0.37301442836000615,0.043488068727826304,0.18642279869958808,0.037464425924487135,0.1560964619309551,0.04238537148589891,0.11293047749110768
0.004166666666666669,0.4397373378687935,0.004166666666666669,0.515273225521289,0.004166666666666669,0.006944444444444447,0.004166666666666669,0.021378325498806507
0.04692378835317798,0.37489097456091136,0.04437809611222586,0.1806080323735273,0.037288698612402346,0.16237906708879224,0.041895090115879684,0.11163625278308317
0.0040322580645161315,0.44595055455269145,0.0040322580645161315,0.510511280986098,0.0040322580645161315,0.0067204301075268836,0.0040322580645161315,0.0206887020956192
0.04579462014505715,0.37510323005206253,0.043638907596244926,0.17513276001584585,0.03817051972199888,0.169153976229484,0.044003529796182245,0.1090024564431244
0.003906250000000003,0.4509905293322429,0.003906250000000003,0.5068318738459594,0.003906250000000003,0.006510416666666669,0.003906250000000003,0.0200421801551311
0.04645102869349242,0.37507750620142294,0.04445108081939286,0.16990096774623825,0.03821934334657009,0.1755393931565991,0.043607839245308866,0.10675284079097543
0.003787878787878788,0.45490019851260666,0.003787878787878788,0.5042003136601954,0.003787878787878788,0.006313131313131311,0.003787878787878788,0.019434841362551355
0.045846967384539895,0.37657587731690356,0.044212942889156365,0.1656380941847237,0.03813354974183414,0.1809464998367613,0.04371309326632583,0.10493297537975517
0.003676470588235294,0.4577799853746169,0.003676470588235294,0.5025234529107498,0.003676470588235294,0.006127450980392155,0.003676470588235294,0.018863228381299845
0.04500640087395194,0.37685193764816943,0.04337347026468436,0.16366155686898085,0.037146234615125076,0.18711583285371083,0.04330112389702894,0.10354344297834854
0.003571428571428573,0.45971782429536623,0.003571428571428573,0.5017198014675616,0.003571428571428573,0.005952380952380953,0.003571428571428573,0.018324278998976998
0.044007977329209726,0.37760597962897813,0.042349367461733574,0.16033843153420554,0.03740690788825739,0.1942998816220664,0.042186639023246146,0.10180481551230326
0.0034722222222222238,0.4608309130627788,0.0034722222222222238,0.5016778897622899,0.0034722222222222238,0.005787037037037038,0.0034722222222222238,0.017815271249005414
0.04302714452495644,0.37922825066284216,0.04164194887206559,0.15628099351538466,0.03682520444060326,0.20146363436241913,0.041532358627863454,0.10000046499386545
0.00337837837837838,0.4612039945786212,0.00337837837837838,0.5023180838457699,0.00337837837837838,0.00563063063063063,0.00337837837837838,0.01733377743146473
0.0424689827793792,0.38175342687020286,0.0415672474648456,0.15293574934797527,0.03679779343362638,0.2056893218911798,0.04125450114382077,0.09753297706897009
0.0032894736842105274,0.46088654687594416,0.0032894736842105274,0.5035954768530683,0.0032894736842105274,0.005482456140350877,0.0032894736842105274,0.016877625393794605
0.04202438449725421,0.3833993770681538,0.04082166671635376,0.1499851861696434,0.03644889656702427,0.21043343348680751,0.04079403136833146,0.09609302412643156
0.0032051282051282063,0.45998389511256893,0.0032051282051282063,0.5054088459567252,0.0032051282051282063,0.005341880341880342,0.0032051282051282063,0.01644486576831269
0.0411083907696978,0.38555419050408446,0.041348329116451636,0.1463114128455478,0.03600594229113734,0.21519827887704066,0.04049491786773347,0.09397853772830693
0.003125000000000001,0.45860270362988587,0.003125000000000001,0.507655218912676,0.003125000000000001,0.005208333333333333,0.003125000000000001,0.016033744124104875
0.040441294718815725,0.38678541721024134,0.041704803730421146,0.14373224868488096,0.036743506918707015,0.21814848177351262,0.04054006783286325,0.09190417913055768
0.003048780487804879,0.4568118748686151,0.003048780487804879,0.5102690251729086,0.003048780487804879,0.00508130081300813,0.003048780487804879,0.015642677194248656
0.03996770463106106,0.38774948346345645,0.041080298006871664,0.14075862005948217,0.03667190557741036,0.22236577462675644,0.03990084346318312,0.09150537017177877
0.0029761904761904773,0.45468140755286257,0.0029761904761904773,0.5131832805829105,0.0029761904761904773,0.00496031746031746,0.0029761904761904773,0.015270232499147498
0.03976782932895094,0.3895242952352696,0.0415515770505886,0.138114166205043,0.0359431644880549,0.2253899049220589,0.0394031160265918,0.09030594674344229
0.0029069767441860473,0.4522717332944319,0.0029069767441860473,0.5163402876753931,0.0029069767441860473,0.0048449612403100775,0.0029069767441860473,0.014915110813120813
0.03921243395287211,0.39248537299192204,0.04061989448285526,0.13499765742350553,0.03606930562409435,0.2282197187454793,0.03890615701098415,0.08948945976828715
0.002840909090909092,0.4496571305708292,0.002840909090909092,0.5196682535587724,0.002840909090909092,0.004734848484848485,0.002840909090909092,0.01457613102191352
0.03861911755403094,0.39664671934547374,0.040557731638598785,0.13230883140123578,0.03578146998617065,0.22927745349805945,0.039001311058948024,0.08780736551748271
0.0027777777777777788,0.4469116468453876,0.0027777777777777788,0.5230953954146673,0.0027777777777777788,0.004629629629629629,0.0027777777777777788,0.014252216999204332
0.03829568661065477,0.39907464815763044,0.04016912475468895,0.12960619069866247,0.03602890549408857,0.23166186993420734,0.03848144794401458,0.08668212640605283
0.002717391304347827,0.44410660117260026,0.002717391304347827,0.5265524619078882,0.002717391304347827,0.004528985507246377,0.002717391304347827,0.013942386194873802
0.038088545674712634,0.40198796417602334,0.039634809156843656,0.1272866216301908,0.03573869006198286,0.23431567929039163,0.03786996236672299,0.08507772764313201
0.002659574468085107,0.4413341186064969,0.002659574468085107,0.5299492197275982,0.002659574468085107,0.004432624113475177,0.002659574468085107,0.013645739680089253
0.03777419812843839,0.40572943579975873,0.03911928015526533,0.12535846430759465,0.03514114581824323,0.23479389952339846,0.03788848709664499,0.08419508917065621
0.0026041666666666674,0.43867959516077387,0.0026041666666666674,0.5332020069580276,0.0026041666666666674,0.004340277777777777,0.0026041666666666674,0.01336145343675406
0.0375204909729104,0.4078971031682553,0.0393984879789364,0.12368398320997481,0.03538738920029071,0.23557777527531662,0.03737179308042707,0.08316297711388876
0.002551020408163266,0.43621090606211277,0.002551020408163266,0.536244540911407,0.002551020408163266,0.004251700680272108,0.002551020408163266,0.013088770713554998
0.0375180995589835,0.41195856563667616,0.03907382514875938,0.12161414733555284,0.035890607820434094,0.23550166503670397,0.03672540833631291,0.08171768112657722
0.002500000000000001,0.4340027172025253,0.002500000000000001,0.5390036208315241,0.002500000000000001,0.004166666666666667,0.002500000000000001,0.012826995299283899
0.037601031378124296,0.4158655465176435,0.03846609531624587,0.119452212242442,0.035405724626992256,0.2365608030318978,0.03612972962179724,0.08051885726485705
0.0024509803921568636,0.43211017681485436,0.0024509803921568636,0.5414254487087234,0.0024509803921568636,0.004084967320261437,0.0024509803921568636,0.012575485587533233
0.0375542369256361,0.42050447819696063,0.03857742149051922,0.11733647122152104,0.03500960578502032,0.23616436598511062,0.03545535023395163,0.07939807016128039
0.0024038461538461544,0.43056738820878976,0.0024038461538461544,0.5434771675931809,0.0024038461538461544,0.004006410256410256,0.0024038461538461544,0.012333649326234517
0.03691289966860644,0.4257737002332751,0.038449074552160206,0.11533754394070751,0.03497802141845302,0.23546398518704095,0.034995337073126166,0.07808943792663058
0.0023584905660377366,0.4294119843707041,0.0023584905660377366,0.5451222967934934,0.0023584905660377366,0.003930817610062893,0.0023584905660377366,0.012100938961588583
0.03633075427117219,0.43002356002550973,0.038751712191602276,0.11352298346558092,0.0347370122101947,0.23483331952735273,0.03470768154039766,0.07709297676818978
0.0023148148148148156,0.42868379521457584,0.0023148148148148156,0.5463220733354699,0.0023148148148148156,0.0038580246913580245,0.0023148148148148156,0.011876847499336943
0.03597536737964923,0.4350048940981188,0.03858866640861778,0.1117475498068751,0.034654869423697804,0.23343430033491647,0.03465556196918362,0.075938790578941
0.0022727272727272735,0.4284031441036673,0.0022727272727272735,0.547057163200014,0.0022727272727272735,0.0037878787878787876,0.0022727272727272735,0.011660904817530815
0.035731964046483475,0.4395056540923337,0.03839333080717841,0.11046997455687922,0.03433137961054875,0.23246769036766576,0.0344409828378528,0.07465902368105781
0.002232142857142858,0.42859195011934,0.002232142857142858,0.5473065659824898,0.002232142857142858,0.003720238095238095,0.002232142857142858,0.011452674374360624
0.035117968933943124,0.44535451900919404,0.037959532973942035,0.10867671052517491,0.03417255647468948,0.23108941993493523,0.03418370582622548,0.07344558632189552
0.0021929824561403516,0.4292419891727262,0.0021929824561403516,0.5470793599799487,0.0021929824561403516,0.003654970760233918,0.0021929824561403516,0.011251750262529735
0.03471006004312548,0.45125808991194294,0.03765808431627817,0.10712517729498591,0.03363756598920534,0.2292543723405389,0.03414768434273248,0.07220896576119092
0.002155172413793104,0.4303528545102623,0.002155172413793104,0.5463767472432286,0.002155172413793104,0.0035919540229885053,0.002155172413793104,0.011057754568348187
0.034202058596985406,0.457472442584819,0.037045302470643804,0.10556080962475903,0.03353556533483503,0.22742497595778324,0.0337667026114525,0.07099214281872213
0.0021186440677966106,0.4319179317967691,0.0021186440677966106,0.5452060834863236,0.0021186440677966106,0.0035310734463276827,0.0021186440677966106,0.010870334999393131
0.0338352589984381,0.4621481282269185,0.03648137603844281,0.10432659986186932,0.03352120937827443,0.2252891542445246,0.033631999783252785,0.07076627346827948
0.0020833333333333337,0.4339221993699098,0.0020833333333333337,0.5435830823251313,0.0020833333333333337,0.0034722222222222216,0.0020833333333333337,0.010689162749403246
0.03344196676809112,0.4668159605531051,0.036047268233430615,0.10269424690896496,0.033637601140818,0.2236246735732925,0.03390769030905778,0.06983059251324007
0.0020491803278688517,0.43635363798689425,0.0020491803278688517,0.5415204095819987,0.0020491803278688517,0.003415300546448085,0.0020491803278688517,0.010513930573183516
0.03294720055469871,0.4714843180477026,0.03555991432749616,0.10162259405740644,0.03359179265878764,0.22221006012297498,0.03346449081628019,0.06911962941465347
0.002016129032258064,0.439191298418525,0.002016129032258064,0.5390396193508696,0.002016129032258064,0.0033602150537634383,0.002016129032258064,0.010344351047809588
0.033245135994119206,0.4749728311315469,0.03507896234489989,0.1008719954879335,0.03322303842764295,0.2213853650253757,0.03296251080113123,0.0682601607873505
0.0019841269841269845,0.4424225357673952,0.0019841269841269845,0.5361539229897868,0.0019841269841269845,0.0033068783068783063,0.0019841269841269845,0.010180154999431663
0.03298740198706227,0.47864605043615316,0.034628448318557124,0.09938676950890755,0.03336694493533059,0.22056053019321217,0.03273599995486561,0.06768785466591148
0.0019531250000000004,0.44603657366554333,0.0019531250000000004,0.5328746279235578,0.0019531250000000004,0.0032552083333333326,0.0019531250000000004,0.010021090077565544
0.03251213877452407,0.4828214143461153,0.034328875739469016,0.09839048197460724,0.03324165162429214,0.21938931394001687,0.032437175859789454,0.06687894774118613
0.0019230769230769234,0.449987930319799,0.0019230769230769234,0.5292477143217775,0.0019230769230769234,0.0032051282051282046,0.0019230769230769234,0.009866919460987613
0.03250040067390647,0.48529790500834535,0.03436019003409121,0.09731132673802441,0.033007599005621904,0.21908916831514322,0.03254439369963904,0.06588901652522845
0.0018939393939393944,0.45423275674105346,0.0018939393939393944,0.5253174993453477,0.0018939393939393944,0.003156565656565656,0.0018939393939393944,0.00971742068127568
0.03207307760804765,0.48902660952652427,0.034450656878202604,0.09605105057626523,0.032588839880912185,0.21857495546907366,0.03205926047400149,0.06517554958697311
0.001865671641791046,0.4587425831640354,0.001865671641791046,0.5211128929807777,0.001865671641791046,0.003109452736318409,0.001865671641791046,0.009572384551704404
0.031832088917880995,0.4912749073631176,0.03437560154998246,0.09488325358314599,0.0324651124856111,0.2184221104140137,0.031619209123529224,0.06512771656271917
0.0018382352941176475,0.46346896070732996,0.0018382352941176475,0.5166827584353535,0.0018382352941176475,0.003063725490196078,0.0018382352941176475,0.009431614190649924
0.03140445740179945,0.4930319828345191,0.033988908279761594,0.09391908125183984,0.032540427486078195,0.2189298714454141,0.03176134857826418,0.06442392272232356
0.0018115942028985518,0.4683604951726766,0.0018115942028985518,0.512078880214316,0.0018115942028985518,0.0030193236714975854,0.0018115942028985518,0.009294924129915871
0.031007468451866256,0.4959472519625651,0.03352287836307058,0.09273240341482968,0.03211688266999374,0.21907161343767537,0.031721846043531045,0.06387965565646819
0.0017857142857142867,0.47337050065226427,0.0017857142857142867,0.5073483122291998,0.0017857142857142867,0.002976190476190477,0.0017857142857142867,0.009162139499488502
0.0310711586591849,0.49777001443174596,0.033362751742513644,0.09203123008042907,0.03179250335522681,0.21954427843416535,0.03144148040014578,0.0629865828965884
0.0017605633802816913,0.4784425681890049,0.0017605633802816913,0.5025478107082133,0.0017605633802816913,0.0029342723004694843,0.0017605633802816913,0.009033095281185847
0.03084382678340774,0.4997540480644925,0.03322900264557554,0.09086142683818695,0.03138534793417193,0.22033694657873096,0.031224557701354103,0.06236484345408027
0.001736111111111112,0.48348740544056273,0.001736111111111112,0.4977669959719718,0.001736111111111112,0.0028935185185185192,0.001736111111111112,0.008907635624502709
0.03126672118146677,0.5002152426434381,0.03344727635028679,0.08984679180137323,0.030992351329356457,0.22109332735791137,0.0315688799570109,0.06156940937915655
0.0017123287671232887,0.4884456999743661,0.0017123287671232887,0.49306549045991455,0.0017123287671232887,0.0028538812785388135,0.0017123287671232887,0.008785613218687604
0.031113697071175755,0.5016093054984868,0.0332651525648342,0.08866046906866414,0.03074926924925184,0.22238408979645907,0.031298583798674035,0.06091943295245426
0.0016891891891891902,0.4932429905522146,0.0016891891891891902,0.4885180486599812,0.0016891891891891902,0.002815315315315316,0.0016891891891891902,0.008666888715732367
0.030758240163638616,0.5029110101166606,0.03287100280583475,0.08751292918988647,0.03047879413361553,0.22433635246070915,0.030979958857461708,0.060151712272192896
0.0016666666666666676,0.49782766742930373,0.0016666666666666676,0.4841765579267294,0.0016666666666666676,0.0027777777777777783,0.0016666666666666676,0.008551330199522601
0.03035759745617721,0.5036165949829684,0.03245128144902108,0.08681755057522805,0.03022619185883694,0.2258270270650666,0.030772436541316332,0.05993132007138534
0.0016447368421052642,0.5021409125516808,0.0016447368421052642,0.48010009931282566,0.0016447368421052642,0.0027412280701754393,0.0016447368421052642,0.008438812696897304
0.03014540895384849,0.5037859075658623,0.03253733344888699,0.08578476824531088,0.030080883093565824,0.22751939332040955,0.030789508402995727,0.0593567969691203
0.0016233766233766244,0.5061413866363513,0.0016233766233766244,0.47633026143770696,0.0016233766233766244,0.002705627705627706,0.0016233766233766244,0.008329217726807728
0.029907555305783318,0.5044483501334242,0.03214153377254123,0.08483094075237568,0.029815177880992562,0.22915155189455264,0.030652914911739302,0.05905197534859122
0.0016025641025641034,0.5098069448566925,0.0016025641025641034,0.4728894256779548,0.0016025641025641034,0.0026709401709401714,0.0016025641025641034,0.008222432884156347
0.029924738208511357,0.5045114811103005,0.03194998383612649,0.08382356752746986,0.029577945455760254,0.23068240167967688,0.030676019411153412,0.05885386277100116
0.001582278481012659,0.5131313570033247,0.001582278481012659,0.46978404681569413,0.001582278481012659,0.002637130801687764,0.001582278481012659,0.008118351455242975
0.029788778576361807,0.5043988600435758,0.0316738997196347,0.08303440004688979,0.029762572469607295,0.23269153549150914,0.030400052296988344,0.058249901355433065
0.0015625000000000007,0.5161183435685583,0.0015625000000000007,0.4670106177027228,0.0015625000000000007,0.002604166666666667,0.0015625000000000007,0.008016872062052437
0.029578019741009876,0.5041036002504136,0.03134252875287597,0.08250466741001601,0.029820599012543685,0.23435056851726618,0.030253831890714934,0.05804618442515999
0.0015432098765432107,0.5187697194194605,0.0015432098765432107,0.4645675262805703,0.0015432098765432107,0.0025720164609053502,0.0015432098765432107,0.007917898332891297
0.029513464570018993,0.5038126820304452,0.031318343324837385,0.08186813358307242,0.029693549736991915,0.23642988921755395,0.02998674429025128,0.05737719324682902
0.0015243902439024397,0.5210857661102851,0.0015243902439024397,0.46245468391047695,0.0015243902439024397,0.0025406504065040654,0.0015243902439024397,0.00782133859712433
0.02930340941974835,0.5037332516880298,0.03111190989040488,0.08100482060147397,0.029585368040282858,0.2385960391509209,0.0296753393089007,0.05698986190023862
0.001506024096385543,0.5230847757675898,0.001506024096385543,0.46065398208424735,0.001506024096385543,0.0025100401606425707,0.001506024096385543,0.0077271056019782534
0.029192672493951806,0.5032651217105766,0.031236155274646543,0.08076483164979524,0.029431671626261473,0.24011778035733206,0.02962097166089001,0.05637079522654639
0.0014880952380952389,0.5247813204418392,0.0014880952380952389,0.45915102362604754,0.0014880952380952389,0.0024801587301587305,0.0014880952380952389,0.0076351162495737505
0.02903356446395076,0.5032857291166282,0.03098324529436081,0.08010047937725744,0.0292007634947162,0.24238899377501646,0.029297150429866935,0.05571007404820323
0.0014705882352941183,0.5261980940868375,0.0014705882352941183,0.45792328122730946,0.0014705882352941183,0.002450980392156863,0.0014705882352941183,0.007545291352519941
0.028773553978780186,0.5028988442850437,0.030845277845389298,0.07958241607925574,0.029200255626826054,0.24411980408244052,0.029151688140061752,0.05542815996220279
0.0014534883720930239,0.5273529989424177,0.0014534883720930239,0.4569530115424949,0.0014534883720930239,0.002422480620155039,0.0014534883720930239,0.007457555406560407
0.02901265692388212,0.5024081187834553,0.030515236338351577,0.07904450714311824,0.02918281824721265,0.24565002970588234,0.02906458418625956,0.05512204867183811
0.001436781609195403,0.5282609280785243,0.001436781609195403,0.45622547309046985,0.001436781609195403,0.0023946360153256708,0.001436781609195403,0.007371836378898793
0.02895902507801234,0.5022968839400507,0.030580386295727006,0.07819908412497069,0.029230981952760065,0.24718349575863907,0.028858820746449354,0.05469132210339083
0.0014204545454545461,0.5289405424932755,0.0014204545454545461,0.45572214957152557,0.0014204545454545461,0.002367424242424243,0.0014204545454545461,0.007288065510956762
0.02866171639603747,0.5019998924130026,0.0305746894120302,0.07746391721431872,0.029103150951717317,0.24897018045591093,0.02870501091522238,0.054521442241760365
0.0014044943820224725,0.5294056172869939,0.0014044943820224725,0.45542940408044985,0.0014044943820224725,0.0023408239700374533,0.0014044943820224725,0.007206177134429157
0.028443368862784806,0.5024023737954861,0.03032736521181644,0.07673991457944822,0.0288128724631148,0.25060398870635475,0.02866562614801052,0.05400449023298418
0.0013888888888888896,0.5296704356099784,0.0013888888888888896,0.45533308552004925,0.0013888888888888896,0.002314814814814815,0.0013888888888888896,0.007126108499602167
0.028243118873053717,0.5025340537252826,0.030202162379542444,0.07609848458266262,0.028650608442031173,0.25229246206037176,0.028541913993392315,0.05343719594366341
0.0013736263736263742,0.5297498121407032,0.0013736263736263742,0.45541850546042306,0.0013736263736263742,0.0022893772893772895,0.0013736263736263742,0.007047799614991154
0.028066769528719195,0.5026406248939798,0.02988644913515934,0.07554754293475192,0.028605376976963852,0.2539593297484779,0.028392679108579948,0.052901227673368176
0.0013586956521739137,0.5296625376045169,0.0013586956521739137,0.4556669939357275,0.0013586956521739137,0.0022644927536231885,0.0013586956521739137,0.006971193097436902
0.027897751617858037,0.5028888625098337,0.030121123457554397,0.07483533291072154,0.02850335338921335,0.2551732440960672,0.028186506382399033,0.052393825636352795
0.0013440860215053769,0.5294240166094717,0.0013440860215053769,0.4560632619034583,0.0013440860215053769,0.0022401433691756276,0.0013440860215053769,0.006896234031873064
0.027835072075170976,0.5032362064309464,0.029996661420780165,0.07422849642254291,0.028485161822060227,0.2561673129307301,0.028138750200648908,0.05191233869712052
0.0013297872340425538,0.5290461010392142,0.0013297872340425538,0.4565955681278336,0.0013297872340425538,0.002216312056737589,0.0013297872340425538,0.006822869840044628
0.027673567617909834,0.5034883638337443,0.02979676741760593,0.07349182939580443,0.028360875629227435,0.2575950171776175,0.028191769566527632,0.05140180936156315
0.0013157894736842111,0.5285447784033274,0.0013157894736842111,0.4572480310882778,0.0013157894736842111,0.002192982456140351,0.0013157894736842111,0.006751050157517842
0.027451166116983162,0.5035056039260287,0.029852892547717284,0.07281320417189169,0.028190082670678053,0.25874216136545886,0.02817667926533115,0.05126820993591112
0.001302083333333334,0.5279330993474902,0.001302083333333334,0.4580077017119107,0.001302083333333334,0.002170138888888889,0.001302083333333334,0.006680726718377031
0.027414174464802318,0.5036564332655339,0.02994234021705127,0.07225570404284815,0.028015822700567728,0.259702980577364,0.028268191592782765,0.050744353139049785
0.0012886597938144336,0.5272274624086618,0.0012886597938144336,0.45885827884600305,0.0012886597938144336,0.002147766323024055,0.0012886597938144336,0.006611853247053556
0.027195988279368633,0.5041513664568166,0.02966213355046423,0.07203689362602567,0.02807047461777744,0.26020345997766614,0.028367436999706494,0.050312246492174834
0.0012755102040816332,0.5264360720788076,0.0012755102040816332,0.4597916514079525,0.0012755102040816332,0.0021258503401360546,0.0012755102040816332,0.0065443853567775
0.026929726679482624,0.5049838424075253,0.029515558009539665,0.07140343113238416,0.027857151083785107,0.26122415917605,0.028226780697855842,0.04985935081337726
0.0012626262626262632,0.5255761392415937,0.0012626262626262632,0.46079069814934054,0.0012626262626262632,0.0021043771043771043,0.0012626262626262632,0.006478280454183788
0.02672033100286052,0.5059361254231394,0.029276139476699,0.07084343308993976,0.027816836262510386,0.2619204972384637,0.028110394586165082,0.04937624292022217
0.0012500000000000005,0.5246664893286024,0.0012500000000000005,0.4618366796884225,0.0012500000000000005,0.0020833333333333333,0.0012500000000000005,0.00641349764964195
0.02678396719448755,0.5063087564521171,0.029215877780941125,0.0701831964517033,0.027622123795793315,0.2624020376181149,0.02813822607134443,0.04934581463549818
0.001237623762376238,0.5237239047271951,0.001237623762376238,0.4629128962797602,0.001237623762376238,0.002062706270627063,0.001237623762376238,0.006349997672912821
0.026736603440263858,0.5063933464718232,0.028978160969703914,0.06979043645482437,0.027887941142424513,0.2630694494271529,0.02817910931789412,0.048964952775913194
0.0012254901960784318,0.5227570277206431,0.0012254901960784318,0.464010785041146,0.0012254901960784318,0.002042483660130719,0.0012254901960784318,0.006287742793766617
0.026585470728206866,0.5072427940556846,0.028704181893129916,0.06916776480026295,0.027972843484289585,0.2633748909660747,0.028217618120648755,0.04873443595170263
0.0012135922330097093,0.5217760060462522,0.0012135922330097093,0.46512027455280114,0.0012135922330097093,0.002022653721682848,0.0012135922330097093,0.006226696747225194
0.026338716977675876,0.5078838455606,0.028631439750630268,0.0688719129190359,0.02789654586071581,0.2635563695029552,0.028295659469042455,0.04852550995934455
0.0012019230769230774,0.5207935032942548,0.0012019230769230774,0.4662287746067307,0.0012019230769230774,0.0020032051282051285,0.0012019230769230774,0.0061668246631172595
0.026270364430425918,0.5083849140036548,0.02858586436751365,0.06867441574273588,0.027788293046605187,0.2635841296113091,0.02851048699788941,0.04820153179986596
0.001190476190476191,0.5198240243377061,0.001190476190476191,0.4673218509166033,0.001190476190476191,0.001984126984126984,0.001190476190476191,0.0061080929996589995
0.02644511065276348,0.5093970520488154,0.028429100631617812,0.06805210884459241,0.027961049662293666,0.2633886472543832,0.028527840453150984,0.047799090452383224
0.0011792452830188683,0.518881503072311,0.0011792452830188683,0.468385637509788,0.0011792452830188683,0.0019654088050314465,0.0011792452830188683,0.0060504694807942926
0.02630113381021469,0.5106315957125643,0.02826507736157727,0.06769223464758235,0.02789020640956031,0.26347835103914163,0.028263193787799817,0.04747820723155963
0.0011682242990654211,0.5179798670338978,0.0011682242990654211,0.4694062722343498,0.0011682242990654211,0.0019470404984423676,0.0011682242990654211,0.005993923037048551
0.026092850384107077,0.5119657014819934,0.028103501878724974,0.06710578903376165,0.027804237530359103,0.26342018575544435,0.02815321256321356,0.047354521372396055
0.0011574074074074078,0.5171306848243873,0.0011574074074074078,0.47037224945063577,0.0011574074074074078,0.0019290123456790125,0.0011574074074074078,0.005938423749668472
0.025882493909882585,0.5132005401289813,0.02791354645797713,0.06684793408971926,0.027597787884996335,0.2635096487414532,0.028010724019564722,0.047037324767425434
0.0011467889908256886,0.5163481866270467,0.0011467889908256886,0.47126939962710457,0.0011467889908256886,0.00191131498470948,0.0011467889908256886,0.005883942797836651
0.025813897920662236,0.5141935506049503,0.027772751016905416,0.06632007082549511,0.02759276869338519,0.26379863239953366,0.027870432021545124,0.04663789651752296
0.0011363636363636367,0.5156459019116025,0.0011363636363636367,0.47208425174023827,0.0011363636363636367,0.001893939393939394,0.0011363636363636367,0.0058304524087654085
0.025888874984733638,0.5154393584806466,0.027819727895055858,0.06572317495182091,0.02751700665316708,0.26335546058172965,0.02778026882503184,0.04647612762781441
0.0011261261261261266,0.5150356799942689,0.0011261261261261266,0.4728050128138616,0.0011261261261261266,0.0018768768768768769,0.0011261261261261266,0.005777925810488243
0.025719059031870512,0.5167937700541947,0.027765944180351956,0.06532490576978225,0.02749366592509035,0.26301318034060645,0.02758812984924147,0.046301344848862475
0.001116071428571429,0.514522285963065,0.001116071428571429,0.47342697208785006,0.001116071428571429,0.0018601190476190477,0.001116071428571429,0.005726337187180312
0.025528374629093336,0.5180118902994179,0.02758318997177376,0.06478870777906959,0.02735346959074428,0.26304288135456494,0.02742464682774301,0.046266839547593266
0.0011061946902654871,0.5141193098065256,0.0011061946902654871,0.47393659197845217,0.0011061946902654871,0.0018436578171091445,0.0011061946902654871,0.005675661636851283
0.025534541800383587,0.5191355462328833,0.027493262140636077,0.06425143257061398,0.027217497693683573,0.26309488982816914,0.027235900361823263,0.046036929371806916
0.0010964912280701758,0.5138301753655434,0.0010964912280701758,0.4743304992107942,0.0010964912280701758,0.0018274853801169592,0.0010964912280701758,0.005625875131264868
0.025407524287516598,0.5209022627278467,0.02730846333525697,0.06390510007007813,0.02702303275813647,0.26267934402289816,0.027063213402804886,0.04571105939546205
0.0010869565217391309,0.513664274010081,0.0010869565217391309,0.4745993512221146,0.0010869565217391309,0.0018115942028985507,0.0010869565217391309,0.005576954477949521
0.025207445287890397,0.5221519205716225,0.027245645963803605,0.0634391520272922,0.026950909253330463,0.26253860015576913,0.026951523632589496,0.04551480310770211
0.0010775862068965521,0.5136229551338352,0.0010775862068965521,0.47474184574291045,0.0010775862068965521,0.0017959770114942528,0.0010775862068965521,0.005528877284174095
0.02506978367074068,0.523741745064598,0.027289770128823488,0.06299005885987656,0.026930779252844563,0.2620266363782391,0.026770526149534072,0.04518070049534366
0.0010683760683760687,0.5137100113470158,0.0010683760683760687,0.4747542356760824,0.0010683760683760687,0.0017806267806267807,0.0010683760683760687,0.005481621922770897
0.024884635846345683,0.5254027325463191,0.027132078743063302,0.06258004636582602,0.02679758004628857,0.26180658132151924,0.026583620207207368,0.04481272492343084
0.0010593220338983055,0.5139279537357612,0.0010593220338983055,0.47463405390578534,0.0010593220338983055,0.0017655367231638418,0.0010593220338983055,0.005435167499696567
0.0248197447191994,0.5270335484959303,0.026951510327901235,0.06213269068442234,0.02664918657284061,0.2613104112384126,0.0264189054648365,0.044684002496457036
0.0010504201680672273,0.514283815603487,0.0010504201680672273,0.4743743096209036,0.0010504201680672273,0.0017507002801120449,0.0010504201680672273,0.005389493823228529
0.024863152876356452,0.5282182903129107,0.027103973179051027,0.06165856956800457,0.026533807436477597,0.26097288282587355,0.026292529973574594,0.04435679382775151
0.001041666666666667,0.5147756854026836,0.001041666666666667,0.4739769554448372,0.001041666666666667,0.001736111111111111,0.001041666666666667,0.005344581374701625
0.024780425630581467,0.5296575383970372,0.02705652198768377,0.06136655214103734,0.02641631423383245,0.2604015947601038,0.026187523616019438,0.04413352923370454
0.0010330578512396699,0.5154012537714746,0.0010330578512396699,0.4734443404574715,0.0010330578512396699,0.001721763085399449,0.0010330578512396699,0.005300411280695826
0.024784728874251365,0.5307601409286756,0.02688940940046748,0.060935079474475476,0.02657666638733191,0.26004752060147823,0.026078238184703943,0.043928216148615966
0.0010245901639344265,0.5161592878579417,0.0010245901639344265,0.47277773592650485,0.0010245901639344265,0.0017076502732240437,0.0010245901639344265,0.005256965286591762
