0.10496720652420051,0.19906670370693774,0.07880204942563941,0.08951799278594537,0.05461260112237698,0.011605486072744437,0.14625521677594702,0.3151727435862086
0.12426489345232086,0.18848008025044297,0.06522538906783236,0.36906751273879995,0.027625444918638442,0.07986818498151659,0.017470113354790734,0.1279983812356582
0.059592284219346606,0.07509960861687531,0.019356698357716896,0.17804312171238343,0.018048726534203495,0.305989920566375,0.03289731493404628,0.31097232505905303
0.11029568183111084,0.17779338081029544,0.054469696649582185,0.386131253092286,0.04666565970759358,0.021907750355709136,0.09967374354964531,0.10306283400377753
0.02682787992765343,0.039382953033319956,0.007638726119004105,0.2758763337311711,0.07900714704898336,0.05645177642192942,0.019323615853060656,0.495491567864878
0.0372047646367688,0.22213549088651496,0.03593367658842142,0.5834483448484271,0.007864937658255355,0.01348348310026464,0.017292743308373628,0.0826365589729742
0.05377579365273614,0.2342253556034512,0.0756971359465245,0.32240025073704737,0.003442663062369562,0.01085096913083622,0.02076114686696771,0.2788466850000673
0.13653947063455513,0.05633568301749502,0.004541242815755674,0.5673236768423323,0.12674321459670745,0.03839997540419539,0.06056472299711719,0.009552013691841959
0.0029279225716924238,0.07143166954857962,0.08765506119716401,0.32714131733019663,0.01856680642609373,0.06246403152797934,0.07262032239037375,0.35719286900792047
0.0677337242823525,0.05705469735284077,0.1010934278441639,0.6561361767234978,0.048534588176049935,0.02035564045112406,0.0006234340327534192,0.04846831113721747
0.04854580316997776,0.2526318939605365,0.003221128534518626,0.1869121921865842,0.04922667879292624,0.22177184810632022,0.002906045906870257,0.2347844093422663
0.05201071175738498,0.02547265975410391,0.0018232342603554642,0.7027563030667595,0.08381681068570034,0.0867698877290983,0.03701037553457831,0.010340017212019364
0.14948383044678418,0.2795937805867369,0.010382594140035313,0.22701046230679883,0.07497787820005798,0.18891037000600697,0.007504841997023098,0.06213624231655677
0.1145783563502765,0.15039763556779923,0.023044845557521537,0.5019060491890809,0.12246813511365989,0.03211436731109523,0.046487068410840035,0.00900354249972667
0.07073491982805494,0.20886364028240503,0.03372828267371865,0.18141708265222403,0.11594787293960854,0.1828499560575562,0.040741995082075856,0.16571625048435681
0.03449814257014435,0.04802621261386941,0.014765871867350998,0.7438851208094703,0.02101811276302077,0.06432821470415885,0.05033821802019758,0.023140106651787666
0.06215146121329732,0.3570682889263647,0.015383916602270939,0.3616800358581543,0.008423772299127875,0.038967336812200624,0.029213864530835087,0.12711132375774936
0.037944206231810974,0.055453339014450556,0.010569559302925267,0.6433717298261065,0.03522629566580464,0.06001775134740064,0.07534196273649475,0.08207515587500656
0.05468160561447987,0.480743308725376,0.04182007838493462,0.3079434474871359,0.06327542791217479,0.017297512470322574,0.01985539486542482,0.014383224540151306
0.06706518097615526,0.1420675404284254,0.010471249680009174,0.6692431726896607,0.044312468452972056,0.00714396593185722,0.03093262191306242,0.028763799927857735
0.03015608490154598,0.3826013139079732,0.03916529249197534,0.30116571146148263,0.047634824482284274,0.04558514119899475,0.08444487819862395,0.06924675335711974
0.019880785514505585,0.26067601886372543,0.011598575948673443,0.5248650034021937,0.04212475365971491,0.015691268583175582,0.0992675536846616,0.025896040343349847
0.010005571974045885,0.3798312014275932,0.044531374500806645,0.3684673589299716,0.015740224169629828,0.028473342605557048,0.14918340353838364,0.0037675228540121905
0.02100665572317354,0.25996000536666125,0.07235315241938353,0.4885863202742617,0.0019278708034498348,0.058940427797295976,0.021619793068981916,0.0756057745467924
0.041027208022411915,0.404438500891981,0.10508351823755563,0.3438839580325487,0.008400677659511727,0.0030147757689770816,0.08188029851199279,0.012271062875021032
0.0035344906736075625,0.2612415105309256,0.057289142075381605,0.5135987310736284,0.06940836776886193,0.03373480101237324,0.05290617999658968,0.008286776868631919
0.024882075328764363,0.520387499292659,0.03592217299761852,0.2972163548055816,0.03515989228573229,0.041954329426816296,0.004256214425975993,0.04022146143685192
0.046453372282462685,0.29905246099289223,0.02589790905516615,0.46006096371821836,0.021143940919032718,0.08491877201510084,0.02024861386320963,0.04222396715391736
0.05225226050542926,0.459988724706576,0.048348414463352814,0.24289266282963878,0.04094603549091258,0.04713763926735367,0.07311205766004605,0.035322205076690885
0.07420497689352373,0.36673105320675453,0.005484878845266317,0.4789185746778611,0.017704385745507114,0.010286505981452502,0.02335863844684249,0.02331098620279208
0.059769264127892456,0.42166498010314113,0.06460838377030885,0.2534511982527961,0.01934193595850126,0.061328377613274025,0.05629772134470422,0.063538138829382
0.07048872642768651,0.48385088606009186,0.04806537479069177,0.31884897856881544,0.019581262227157028,0.031021276350943452,0.012015897923213649,0.016127597651400344
0.014272997454116235,0.48560480387914695,0.025230727436446585,0.24322332242088507,0.019918167874670108,0.022079642472232593,0.0850989351790281,0.1045714032834742
0.01700292734107183,0.5084008692255645,0.04273111202425735,0.31703522826608327,0.009726805453334259,0.021608269545870928,0.045494262767244165,0.03800052537657354
0.05133520239541653,0.4879987362715351,0.0469864606301741,0.20539447802648456,0.01394147437560415,0.10519029822837135,0.024365283929296353,0.06478806614311781
0.035162890044756666,0.4473516487070478,0.07048057007364944,0.2923280156695647,0.02239433514574276,0.0323539561329329,0.013599926528519669,0.0863286576977861
0.04552539095494403,0.5184248102534682,0.04362828896910078,0.22009524665645552,0.0025663442203790287,0.07590843916602745,0.011477439983613452,0.08237403979601152
0.053239207970179975,0.5440540398621095,0.0038362858194133423,0.30639938986216547,0.026752171359490873,0.014525239698522081,0.04219315406111795,0.009000511367000887
0.043415561046789515,0.5319776767091575,0.02765667061943603,0.15326590489430134,0.04004239245947522,0.16259090794569273,0.023526838930802055,0.017524047394345443
0.07587941666010203,0.6012489700648602,0.022824149620292146,0.2609660176170862,0.0007878774768172504,0.013644536443628449,0.01122065537594389,0.013428376741269935
0.03506244057774871,0.48712212282381856,0.074952691342336,0.11035017196984756,0.022190317094220615,0.20003327274533628,0.04489539075851824,0.02539359268817389
0.03825949766905366,0.6329917796968728,0.03638866714946031,0.20864316068520655,0.012508178903134175,0.03883892675819629,0.026980041701068214,0.005389747437007997
0.016391855150638037,0.4496527793824237,0.0029141376272565907,0.08062119748991875,0.05708615646819675,0.3171782020850266,0.021547256602361682,0.05460841519417789
0.014368278792577571,0.6207738690320967,0.0016628106449358515,0.23314879921200418,0.07498680050370818,0.0236984820752162,0.01146518318743176,0.01989577655202952
0.012323507941692766,0.6002483707819869,0.034313398099997526,0.03221774700419768,0.010291858519590894,0.27277569890079295,0.009289832776501679,0.028539585975239548
0.024965213960629753,0.6228749067640578,0.04388628044459289,0.17436916508535394,0.06269794051184184,0.024000647399293577,0.032354094860265796,0.014851750973964446
0.04158850890318016,0.4079599854547754,0.028341105655386563,0.04631680412909066,0.08631325614170962,0.3359081194966138,0.015246985535416986,0.03832523468382683
0.029801982249924044,0.5741458197844542,0.08756055584591961,0.1862127122624975,0.059951752343122326,0.00017878523649000896,0.03530260340891736,0.026845788868674978
0.03663774304564528,0.4971965901222065,0.02501352553698298,0.021272762542286265,0.010241042804970273,0.33845551241846406,0.021623747033797523,0.04955907649564724
0.032365765500466846,0.5485377167691298,0.00346118550657979,0.2661142044008646,0.018128445096885035,0.03681494797643129,0.022247914162577605,0.07232982058706502
0.04896967449638582,0.45417392159428827,0.08040569768710991,0.02515210083234744,0.04655171959384989,0.30973713119461865,0.017721615376516866,0.017288139224882933
0.07097175412911509,0.590989457240442,0.007155995787117496,0.22506096477666812,0.01403311833431577,0.05634013676531256,0.0114339261646513,0.02401464680237758
0.0479835562185847,0.4907101097181923,0.012770277359446445,0.023033853573444008,0.0171647722976144,0.3528352549765854,0.015429750083931507,0.04007242577220136
0.0639782328327766,0.5442912721583797,0.009956664080709289,0.27647011938621047,0.029088091128103555,0.01572665895278305,0.009570122664155576,0.05091883879688184
0.06502791221999235,0.3908902140641038,0.05541606572946016,0.03610331806539241,0.019666328359263487,0.35744010770515694,0.009339575947571553,0.06611647790905945
0.0011353793482715541,0.5674879266903388,0.011058588710076681,0.26820133136099045,0.059281387455490636,0.06582961170527783,0.005730965589481137,0.021274809140072824
0.010623498970471575,0.49645330642457525,0.010668187298510533,0.005617572283332098,0.00020578314057511862,0.3831084575404902,0.005744159557259818,0.08757903478478546
0.013376804691575235,0.5356780043949072,0.036656507356402614,0.2600980300148703,0.08883459570146102,0.02279038865379643,0.01055125501220202,0.03201441417478514
0.008698417544598774,0.4311873605880687,0.07107891764421262,0.00616504259170359,0.032016879249858854,0.3508572218239064,0.02718664901530309,0.0728095115423479
0.04913754306819331,0.5504046816495679,0.02899273894381488,0.29495130549298704,0.008069031987519768,0.06428992023836876,0.002363843727668925,0.0017909348918794593
0.010790405693311153,0.38168315027774885,0.02072406360083579,0.005399316927720791,0.06550697411949141,0.3791761595909281,0.10936515988556164,0.02735476990440224
0.0902117615992552,0.49530565842890023,0.05767170457873795,0.25053878703206894,0.028327225345829567,0.002044777862680359,0.026245442161835022,0.04965464299069276
0.06745610224342119,0.3742543429809561,0.07044062396012668,0.002483615118795032,0.03978169933284877,0.37987273482428335,0.030945741617360894,0.034765139922208116
0.022044964850563543,0.5568145971293551,0.013161121299536215,0.318078510700126,0.022604457081982342,0.03860120407578537,0.007897624880259402,0.020797519982392217
0.025912944189106436,0.42602212412776364,0.03635439119135187,0.024963266654743584,0.03530236078554788,0.35938102028211383,0.047186475959885725,0.044877416809486974
0.08648842106544315,0.4192570533846464,0.009296205150234731,0.36543261498827856,0.011758417830425345,0.007801204327879339,0.06512657049709951,0.034839512755993
0.016427139513961405,0.38623798891120886,0.014831401032636287,0.09645928813372441,0.003577520307016862,0.39687315542999474,0.029294165340934618,0.05629934133052284
0.01068430053472933,0.4048867786302404,0.03598242714573902,0.4259191804936042,0.052038744126002436,0.019259686364873834,0.015665997028527463,0.035562885676283365
0.009063153263231817,0.4039974489572798,0.006505769358455721,0.044029044817069235,0.04653047244788797,0.44574158851450973,0.0031796684408479906,0.04095285420071771
0.023435263641783916,0.44105465940786304,0.0021573655420221477,0.41141722045337903,0.027009527040070893,0.021089312171415475,0.06449532343110041,0.009341328312365003
0.0077171635718381705,0.43763000788194867,0.01617487964401819,0.0102132248378324,0.01588388032505497,0.4593587330151171,0.017978264394086438,0.035043846330104045
0.07599591716368424,0.35322193334275254,0.06792422853868106,0.34178295666439784,0.016404585479018432,0.06311115901404754,0.009618943148035441,0.07194027664938282
0.021816998193021603,0.47518494654255117,0.03880329539770616,0.02916171515382839,0.035783586175481934,0.36203976045532676,0.030973774234241483,0.00623592384784242
0.018123392192324412,0.3311654160765828,0.020939612643721267,0.45935020730976833,0.021966288109435697,0.05534233080044669,0.033050800162555495,0.06006195270516539
0.025129649776504424,0.4459454845902882,0.012489598273663841,0.03786378539303323,0.02319081563614424,0.39070967412066054,0.023296179899737656,0.041374812309967625
0.019771399073749692,0.3525469968665153,0.010022605977053196,0.5596963274892163,0.03072377400999344,0.0012174417119870746,0.018547123861484882,0.007474331010000234
0.005384635394997878,0.4695919145053797,0.061888162720268404,0.0030342532058178066,0.01873072553154703,0.40102724909613163,0.028829491344411633,0.011513568201445747
0.011987455167078118,0.355023868273174,0.04751213613780299,0.45592004202968633,0.03492085639201217,0.025351554219282403,0.026674394976353814,0.042609692804610126
0.013757452683533023,0.43603448545652157,0.055963788289202336,0.04056568225821015,0.0662460920214943,0.3361565976323941,0.04234606643805531,0.008929835220589119
0.046967165725746746,0.3242768389893634,0.014269582208540578,0.5149386184258432,0.016864673660544952,0.03629572212482309,0.018315115787222266,0.02807228307791592
0.02055051103311921,0.42727619984527143,0.01547556334134207,0.018839846418129837,0.03373625058424718,0.39527478160975066,0.013692644306297297,0.07515420286184239
0.032863183011199705,0.3122753559006955,0.005557463079144334,0.5116299814892658,0.03591565866315113,0.02054527009717487,0.05747695654618678,0.023736131213181733
0.03137306664032607,0.4640663896514225,0.061345296886700144,0.027047104318596832,0.0053360387351257844,0.3524033773247629,0.0184985636897562,0.039930162753309684
0.012735394618227243,0.29600483734369676,0.04881385911933007,0.5387505737076682,0.018227185723166974,0.0214061998562649,0.05747817857842411,0.006583771053221809
0.015330432781482991,0.5198117165279788,0.0005575440703217447,0.0009877798173960738,0.04149337447379058,0.3499017131525576,0.017536919339855496,0.05438051983661677
0.01201916939456632,0.34769385948217907,0.018217559948702226,0.5546072192123114,0.027598009274073947,0.019478699703658602,0.013135491415220663,0.007249991569287845
0.012513196005018825,0.5797459589017451,0.03782256649131341,0.014000486421365834,0.023116701917527675,0.27581778261158413,0.04318808916935838,0.01379521848208655
0.007144275779141378,0.34619550908013413,0.010334978952713498,0.565620268638017,0.04131687525243285,0.014675009163038294,0.006719353707479017,0.007993729427044065
0.023741294158727572,0.5083314447046833,0.022681814978746797,0.007987359082864489,0.04716350335039527,0.3389606095608641,0.015087607772009744,0.03604636639170865
0.012750914050732788,0.2976853064265548,0.020497168914330687,0.592722328610143,0.012263730377464418,0.033884965087226805,0.00045455817346719653,0.029741028360080617
0.028560062621374206,0.5360005010220972,0.015056291655960022,0.020586444480495278,0.022388780185120437,0.3563909096748683,0.009741625811309905,0.011275384548774697
0.034201729062810236,0.26513720452657086,0.004041791592634194,0.6040352315669094,0.01886769354542734,0.026876768518240945,0.014674565376452809,0.03216501581095398
0.022999863453548954,0.5815786021153209,0.014889417081083755,0.034735070145574,0.007056566362480333,0.2572702504747196,0.03875914940297907,0.0427110809642934
0.010957275459768304,0.2991387919477576,0.02749824649303696,0.5577636791679491,0.011396148911300861,0.059957237533417446,0.007955052002928032,0.025333568483841745
0.025342547507566683,0.5119451368560889,0.05280046351514781,0.04330889052422245,0.047207071538569956,0.273203811367387,0.012570480301966386,0.03362159838905077
0.02384826218955901,0.2532087453000461,0.02655893848835704,0.6019884889513679,0.0076437174943248185,0.03353727440762567,0.00697919752149443,0.046235375647224936
0.037400920276565386,0.6109702265892968,0.02316534647008522,0.020192189488876685,0.0605483202074597,0.23177226334468437,0.005052555874719259,0.010898177748312542
0.05099839603871916,0.27248374537307857,0.013803126757411938,0.5699060952206805,0.009134974318233579,0.00970622963497089,0.022235125819274962,0.05173230683763052
0.04174762233516412,0.6112145905660125,0.008079603690570638,0.01135545758689976,0.01116156495490025,0.28951770279159117,0.006345793896013583,0.0205776641788482
0.009416929014942161,0.31293018814130336,0.015339817108988294,0.5272914526909174,0.0228029970127011,0.06142980771420553,0.0312900559739357,0.019498752343006364
0.03516771984873818,0.6570899938421363,0.04425505637846018,0.009433679154551615,0.014807544844451704,0.21594607659896495,0.0010620014538257534,0.022237927878871504
0.031563661747231256,0.28352871761094744,0.031388812739436237,0.5499067654134941,0.0349839211800837,0.004324475024373298,0.008635432174590505,0.05566821410984339
0.003563362303064009,0.6997732461216256,0.03177503375749129,0.011393325338404479,0.03333563435695325,0.19904418368741877,0.011074652710201964,0.010040561724840363
0.02790508115815201,0.33467132877563016,0.006847531825974075,0.5562090860769753,0.007906045182748235,0.014412972247917892,0.01401170333800304,0.038036251394599145
0.00547704820715707,0.6552661290139451,0.054791507082032086,0.017351278283871282,0.02196352417250384,0.20140803956387596,0.019461938305787102,0.024280535370827735
0.0065102018987979165,0.4017391676205021,0.021747869918335553,0.5512580712548556,0.007175573764994724,0.0031342933418656606,0.006232839897294028,0.0022019823033544213
0.016784475237409658,0.7039969340190142,0.02978419412745546,0.01587413223676236,0.030219158952865786,0.15788726394336075,0.03184110512362506,0.013612736359506659
0.012475543795763001,0.34976724339921456,0.0016536127762691846,0.5393803866080525,0.016197369978335013,0.04122598258335235,0.007632498087982921,0.03166736277103024
0.02234478072236698,0.6870474537741491,0.02764987272801272,0.040203335807104806,0.016539439887350335,0.17930414216887663,0.022639130614657915,0.004271844297481573
0.046128356714655684,0.35783961010725296,0.026284109539553163,0.4732691029318473,0.01189663267743995,0.01567168291498634,0.03926960104245622,0.02964090407180827
0.0007342426316835842,0.7728909543533767,0.013666854312704988,0.008253924749734692,0.0252784608665706,0.15390627570202542,0.01977619317509562,0.005493094208808617
0.020537642948818432,0.40931793155086993,0.006619292996284479,0.4371278534043988,0.022326296302416906,0.04836971656821939,0.005947320829807768,0.049753945399184395
0.011459253266519366,0.7877616313686228,0.02047551082943737,0.018687783174210767,0.0031431083166084525,0.1246566594599434,0.032094459783630805,0.0017215938010271175
0.013813197184175195,0.4352644839606871,0.006158399459629571,0.4556254721084854,0.03086891268385467,0.03545692777195363,0.01656491460705548,0.006247692224159088
0.00473797472086079,0.8179048976116293,0.0015039554238501594,0.014827484751600305,0.027619527381357315,0.12131998575795615,0.011669762197213942,0.0004164121555320947
0.015506036811485583,0.5229409868349703,0.0026740142731476973,0.3798782769184366,0.030276447459742794,0.00430213785623633,0.015446901398322544,0.02897519844765814
0.012194082684147376,0.7380135811107935,0.0032097165385842727,0.03150822385137681,0.03267420794119927,0.09927567316226561,0.025684532919469295,0.05743998179216375
0.02816549482854265,0.4507145389601411,0.008852854959936523,0.4157713290651029,0.03397006509573079,0.020571970960606836,0.015865311361224585,0.02608843476871475
0.009844432947272176,0.7468859001242968,0.010000799932698937,0.004753069734702578,0.04062110689343148,0.12375583329936542,0.05044912185735698,0.013689735210875603
0.016392394578468784,0.5198919167366012,0.01404351980833651,0.34664493116571515,0.029424438449689075,0.02095731179549872,0.023344401714345448,0.029301085751344862
0.002766461537761671,0.7562541252181484,0.005831326065494348,0.03625177011233652,0.030797475254935612,0.1359186396536061,0.006429321756847798,0.02575088040086953
0.013263934715010566,0.5135942321053444,0.06516492918857994,0.328540690038429,0.015533965862019097,0.0367904856424648,0.002493314096541423,0.024618448351610804
0.05171713323819043,0.6912606423299048,0.0052599394239316016,0.054334884180612636,0.010360276096672809,0.17025426897422355,0.0018397498618958723,0.014973105894568232
0.006218994037586353,0.6245106825005367,0.0034234158145530274,0.31717645778339243,0.00486179132648284,0.018528532634025284,0.010456634252313858,0.014823491651109813
0.016750159542475072,0.7100588666263445,0.006246064658962585,0.005817532830273083,0.04243305491965185,0.16859593576690926,0.018465816640131343,0.031632569015252424
0.06157342121792353,0.5676601729640811,0.05422203773782755,0.26964660936634505,0.025766072635514333,0.01512136310111914,0.0018676870019440383,0.004142635975245179
0.0020952931720787495,0.7500447045836839,0.01515623067782934,0.03462807977938517,0.025222879717830705,0.14443147373551465,0.013312433774914721,0.01510890455876284
0.037840820726835034,0.5615308427282059,0.006431900704513249,0.2519465865475304,0.05295381873700187,0.028452365939108524,0.028466322924144187,0.032377341692661106
0.031737424133762786,0.6462697980533041,0.03639561918453383,0.0271662363601413,0.0177941787920568,0.199579702698358,0.03951355328986267,0.0015434874879805762
0.008492231667450034,0.6573401713114727,0.01372349832160005,0.25827576350151443,0.01055728347000931,0.01747062644991999,0.023748191272292375,0.01039223400574122
0.003869755261365342,0.7351211077263301,0.040421468589554706,0.012872823900157503,0.0049507376500702235,0.18463690762848076,4.0467581922573e-05,0.018086731662118945
0.01966595102531296,0.654914457495709,0.007774848620263717,0.21427444807058899,0.02540624771335209,0.02680433833193278,0.04431909284635079,0.0068406158964899
0.01568584667671507,0.6419108624148674,0.02934689455923261,0.01664085504415835,0.024175377000438546,0.2081814917249946,0.002135768641887682,0.06192290393770558
0.01713495540636991,0.6351194916173358,0.06113455621283805,0.19897871133264156,0.028829375489959615,0.0125402099578605,0.03362812319972558,0.012634576783269203
0.002325514308254832,0.6125131148898272,0.007693765904743529,0.028355362723022446,0.03766184751784141,0.2534576215806454,0.04142683150024157,0.01656594157542353
0.014590349235801511,0.7087659707891965,0.02328680536769769,0.19425209453365938,0.003315274288626622,0.01633143253239549,0.03196828292556038,0.007489790327062502
0.003615230906475855,0.6971008217977434,0.001366814111390397,0.01085163266112857,0.0028922903601662168,0.2288518109037025,0.0289961711469447,0.026325228112448345
0.013828034009384291,0.7335248325647116,0.010804706602973552,0.16466089876167733,0.024017362870606174,0.0185629440421836,0.002816533848238522,0.03178468730022517
0.03552947317149004,0.625363387274407,0.022153888303528397,0.04294909667238694,0.00908595132154193,0.2526308281884659,0.011815885363176843,0.0004714897050028437
0.05569272559881291,0.731344980418586,0.010159062973080142,0.13208271526270265,0.015166964990635969,0.05087504213460921,0.0005337503022534301,0.0041447583193197765
0.01470326360322919,0.6406204359894937,0.023732816762970028,0.00780539663899542,0.002477313039275149,0.2766163848428888,0.015823046087145392,0.018221343036002445
0.01620976433314633,0.7591726969924517,0.0088378092379904,0.14470195566040572,0.016754458167986177,0.004682361891143157,0.014737615391003548,0.034903338325872564
0.0617151178417162,0.5334212523275138,0.04916298308949634,0.01679306915078425,0.00269659578264232,0.27555274345889863,0.05636008236430015,0.004298155984648114
0.010172955168675734,0.7809078251158069,0.008831903807174262,0.12937133805671047,0.03302700075558445,0.005869660588105038,0.024200837242898614,0.007618479265044473
0.019942937019931765,0.6033758939170444,0.01997011622679519,0.002058909580900646,0.01300427740161497,0.3166097478104436,0.011566964240082684,0.0134711538031868
0.026283813746631458,0.6931094606464029,0.0117395441764126,0.1523377686164295,0.010858438609401572,0.06313479044670893,0.02533367182210406,0.01720251193590879
0.00445442900589115,0.5992371518615341,0.0037039206398765904,0.002594978160342686,0.010463635576529498,0.3688037896152221,0.007401713207750201,0.003340381932853536
0.04017522810891752,0.763696582364185,0.004708580161984885,0.12081320677400424,0.02732565991075835,0.019068879357995464,0.009909537936065143,0.014302325386089422
0.00030939439657155576,0.556535459956047,0.0009721796879949443,0.034664154475844415,0.011281021250441963,0.3376276223918695,0.015208262830413084,0.04340190501081766
0.01102999912090229,0.7081852683818289,0.01960087415732355,0.13993284103756984,0.047748142600279306,0.045278149797439916,0.005183491684539105,0.02304123322011706
0.01401908277686551,0.5166536638657913,0.03907728543869653,0.007293311171606416,0.019037416932961158,0.35613922872647197,0.03208696989062961,0.01569304119697742
0.006603376343700954,0.7235107710966655,0.007667212703277582,0.15080558249827283,0.005599640575271596,0.04697012440543024,0.04546009150557222,0.01338320087180904
0.011592824404764522,0.5554564278356886,0.0016649586939172219,0.011386223796364328,0.009355876512851143,0.3548277621035688,0.020135216084994065,0.035580710567851344
0.0007728896525030675,0.7490173119544435,0.019896698028911634,0.17157787388943022,0.010228721830546681,0.005059533419336285,0.009542114402403901,0.03390485682242464
0.031265004621298866,0.5094356973066629,0.017009088795777446,0.005248455984817101,0.011073816287640823,0.35008868491937134,0.03247817036545421,0.04340108171897719
0.001404644574225536,0.6732619983685008,0.02371068890657451,0.20272961673395398,0.005724380173422046,0.020657084815467318,0.036518137815750924,0.03599344861210478
0.019047967636547536,0.49550179577232295,0.009863254516782757,0.0206901690810639,0.04434810656352367,0.39141310662625817,0.008598650277948027,0.010536949525553058
0.01821902639918804,0.6179603336543414,0.03790341878212541,0.23555015744923935,0.04053160221350974,0.013546177513604873,0.006587029385223467,0.029702254602767493
0.012717312912854613,0.4804828167974274,0.004832851412177223,0.040126056460111297,0.03446272244745399,0.36707321057782155,0.01855619938884131,0.041748830003312525
0.026784932503042935,0.6856269304282195,0.0022137186138573607,0.23276381590009695,0.022382429907777057,0.01096053469098025,0.013994265532622683,0.0052733724234032015
0.024284495719757763,0.4802483062130056,0.029359323653712324,0.030308893600642508,0.019402558417299043,0.4048548659408648,0.008352648652696101,0.00318890780202188
0.004516603492615262,0.6170513894772301,0.01520026430132282,0.299745773675259,0.015398834378495731,0.023270385567197047,0.006982838849702973,0.017833910258177158
0.012078887097555833,0.49721996360997345,0.014184368266939314,0.010213156110402506,0.020714468910140196,0.4162203336870101,0.004140130838152994,0.0252286914798255
0.0026109616683895657,0.6082319093154702,0.025808289645910292,0.2831629899740808,0.030043681851073062,0.009287357615328118,0.009118559954446496,0.03173624997530145
0.020001507652838448,0.4644103335819577,0.0415485221667045,0.06084574866046023,0.016674869262486347,0.36642230048945906,0.025108456876002903,0.004988261310090808
0.0041907047666390074,0.5842817680633288,0.004575572030310077,0.3587801323240007,0.003709860577990696,0.028914086822199283,0.004293614382865932,0.011254261032665486
0.015668489943863183,0.5050167512249657,0.009738806950359375,0.024294888484082063,0.009804480444912939,0.4331709208605097,0.002096167023929003,0.00020949506737809168
0.019868327425119115,0.5862032744482875,0.010507147081702167,0.35339554411486696,0.006394715579782764,0.000657735076353561,0.011336444920717854,0.011636811353170212
0.006672662739281304,0.47001363360036114,0.01911804468281054,0.03554703574911183,0.029157086856163632,0.3912386802134844,0.01678739350662151,0.031465462652165724
0.020141208376858462,0.5196565753696796,0.02929715372753853,0.3768043580310616,0.02315903003691832,0.018309380873141,0.01036018900013683,0.002272104584665692
0.04957551020264909,0.4602057256468599,0.002131666733108136,0.032784338635294244,0.027683203600460258,0.37724943332188093,0.02157364415927154,0.028796477700476015
0.006947132027146665,0.5659070648762013,0.012572713922245505,0.36490041076452523,0.001966901098751163,0.00511217236315734,0.013292982729202686,0.029300622218769903
0.024293054487340898,0.4926194525638432,0.03624843258738907,0.004647281546132621,0.033421224335385157,0.3805950423484711,0.010957401482961003,0.01721811064847693
0.030116717092339356,0.5382435637855733,0.012021617952663707,0.3789478654625685,0.0028978355247264507,0.022293372639402564,0.0019157142651274617,0.01356331327759872
0.0024985523822489415,0.4758646380327753,0.03007336364671104,0.01276922907694527,0.017854022859955444,0.40619843381583526,0.015169745767248756,0.03957201441828003
0.03734153705699691,0.511234044064322,0.017266502904181066,0.4005283826198365,0.0002039866725797408,0.01545276500616272,0.001091793316356241,0.016880988359564704
0.009010438403298087,0.5382232168365253,0.008315511392792341,0.01230368007597423,0.002978086977491354,0.3960129229958586,0.025160381866155705,0.007995761451904417
0.0035569596309989234,0.5169265487220596,0.0007475854032821236,0.42079498671799953,0.030989750939070256,0.0018386374660794818,0.015310608562067037,0.00983492255844344
0.01022061979725516,0.5143852474069555,0.01893390747488256,0.018369784871957357,0.014046846544504358,0.4042550639218985,0.01740782007775303,0.002380709904793524
0.02772452996039653,0.4547767472253261,9.699051712437618e-05,0.48103112586394586,0.011815426973316553,0.011175134504584693,0.0038351941689927505,0.009544850786313102
0.012018979194277728,0.5123386012454193,0.00115654389629653,0.025411852974878364,0.024489313655837463,0.40564428936613534,0.014812304590654003,0.0041281150765012774
0.029690196585240695,0.4682159644593491,0.014618195408291384,0.4369360431775416,0.003297040956232343,0.006554007916656212,0.01274463356892655,0.027943917927761915
0.012348103818631842,0.5257267231683982,0.051711161117900126,0.009312010699926859,0.019117183316167574,0.3668533640742814,0.009218615573755182,0.005712838230938633
0.005451049937290034,0.47008340336220605,0.0005149191249704328,0.422480235941024,0.024990140848964438,0.0366152136459871,0.02045040760015993,0.019414629539398105
0.02200587460527409,0.5355391910944162,0.018421692000776164,0.017792703021929552,0.02679334607681908,0.3486157145543794,0.023697425297886803,0.007134053348518553
0.0015098350209414068,0.43659764476984836,0.01440968991623041,0.4727020020637912,0.015185623930509746,0.030889359332499196,0.02175565975448404,0.006950185211695648
0.01249214863536239,0.527191159696752,0.011006731119227557,0.0042451288823856705,0.016677973502944733,0.3917992163850308,0.033175589959127255,0.0034120518191695583
0.019940714957955605,0.4547341459708602,0.0057300095263159885,0.4701978380825972,0.020957302785443055,0.0012943314776718575,0.014896148050410812,0.012249509148745338
0.006323023528949396,0.5051434126930606,0.03518477990829624,0.008343807900182104,0.011964751608487319,0.36772085921038844,0.026743100651666015,0.03857626449896972
0.0006847614683178421,0.44785955138712286,0.001706478834174326,0.4499308379326692,0.013553860787044259,0.014782029453698211,0.014831162184398351,0.05665131795257472
0.023862975855441625,0.5181360498580329,0.0385293164731142,0.018735691654669293,0.011286865569976759,0.351941624920265,0.037053375028137985,0.00045410064036210013
0.04593614451813637,0.43023183097153855,0.00544188360749555,0.47453416153634737,0.02425009324643128,0.011463224439462209,0.0014220134106506825,0.006720648269938163
0.006031928292301366,0.5521598860112297,0.0024820868915213694,0.05081228319424529,0.03337171058711984,0.3087499618069698,0.037994241471308324,0.008397901745304368
0.005086123746714012,0.4316293142311066,0.015764444429425914,0.5028810506332806,0.011290924524353452,0.00041635779874407057,0.008173039270608706,0.024758745365766666
0.0008360898906535991,0.5865664855769832,0.015151154998932216,0.009324106755516837,0.006951444752536542,0.3612526806176702,0.01444246311649193,0.005475574291215328
0.010669065325094512,0.41152932114483776,0.009732346061625643,0.5220742006112016,0.00911265905702365,0.005323570379702015,0.009195138886605078,0.022363698533909782
0.005990159017272402,0.6002121439689293,0.005573704725472943,0.015403626887943863,0.023825668956313075,0.3308579654174202,0.016588169528780047,0.0015485614978682347
0.021324248656627277,0.40455801652814144,0.02358751621838468,0.5262187303725574,0.0019172888474255781,0.00869445600223235,0.008979296107585712,0.00472044726704544
0.03314758635719045,0.5435718593498987,0.02318970820515413,0.004159532628057314,0.008150877124086547,0.3105560755832352,0.030921374589278783,0.046302986163098754
0.03306021002094168,0.39128369850801625,0.0013684854053003675,0.5001770336884013,0.036280407383781486,0.007101619045690542,0.02224583484685662,0.008482711101011708
0.021952864263670754,0.5149369384621333,0.004968763034745051,0.03012167677005132,0.05473549315217505,0.3304780421399816,0.03230831721941318,0.010497904957829795
0.008178274899214136,0.3785036324984937,0.0327890139966765,0.4810022590922385,0.030005294490199345,0.009265584032100538,0.04211075744751159,0.018145183543565785
0.011169934098393895,0.5938864476095475,0.0007583160825827784,0.005655256034998634,0.0366328823545274,0.2945299279361022,0.03214551600162188,0.025221719882225664
0.020796065692857007,0.36019533358608397,0.06701047789692108,0.5116189599971435,0.014653870322786996,0.01636891304430999,0.0006027018792947263,0.00875367758060299
0.0009230806729839938,0.5739121505668806,0.02113899907316663,0.03839916915265003,0.020037890632616774,0.2822486588016469,0.03633391835359342,0.027006132746461728
0.01127782932220073,0.3709745605757031,0.008186240155118926,0.5429324772059936,0.017180253507003033,0.02978907336940401,0.015517328238505256,0.00414223762607161
0.01916169951643028,0.560496032081363,0.02384602452338523,0.04813470940753372,0.01653000037910069,0.266471180880122,0.05085254999797273,0.014507803214092365
0.004531031668256643,0.35863492148669485,0.04487272759202303,0.5296724267484428,0.01558135478374425,0.026604390753301316,0.006516573096543936,0.013586573870993074
0.0447934639982073,0.6156715467906575,0.011968908362554652,0.0027098845395273586,0.046100494309583455,0.2428629997771589,0.030349953255615528,0.00554274896669541
0.012942523307878042,0.357123008961593,0.0012962956748135113,0.5518084599391592,0.028679663824718385,0.017510436908372545,0.022925160571021917,0.007714450812443316
0.011039588500043407,0.6414932240699616,0.010878610737280468,0.029545569764518224,0.02038082161982476,0.2729869522235356,0.0002106472605766908,0.013464585824259575
0.014126832305053665,0.36162254318525405,0.006228068688750825,0.5113361446652444,0.03833089447806093,0.00756949480076753,0.03599774971000796,0.024788272166860772
0.0038065237905918372,0.6547150188108984,0.010814925213528705,0.0043561083549437645,0.018605567455829246,0.25719650039983166,0.01638522153248356,0.03412013444189279
0.011531706296922505,0.40746215583150014,0.03187774064659365,0.5281166992358391,0.001676210454507193,0.004192158972753559,0.0047624128677025345,0.010380915694181045
0.003163994693637933,0.6465631140036928,0.007398361017210005,0.03899960013314285,0.005301226185817695,0.2731716512304093,0.01262196130549058,0.012780091430599064
0.0015067058181618149,0.39232915876340585,0.008701911239520948,0.521457190909797,0.019730360204015734,0.011770509047894765,0.02552041809647403,0.018983745920729555
0.018336935095644324,0.6224316924855627,0.012426047940088825,0.00878297502506319,0.02704567680777056,0.2952978511303077,0.012578604237409034,0.003100217278153609
0.004167157857865389,0.404926981416891,0.028012985061040375,0.5224945433522162,0.012871914974575776,0.007320305361311021,0.013537622640078018,0.006668489336022114
0.03413635203258784,0.6524782248072432,0.032987184491604406,6.462884765842513e-05,0.019183182229174606,0.21460656062328717,0.017862317208570583,0.028681549759873852
0.0065909091790061144,0.37519383041736265,0.02232249550193765,0.4898208609071928,0.041374335335693575,0.0329377499687134,0.02833164431003838,0.0034281743800551917
0.006869488264063452,0.6671334547180238,0.021795951848218507,0.021117026563490276,0.02490284510857293,0.22502007357592455,0.006260703536510123,0.02690045638519647
0.004337501417380805,0.41269469017686283,0.013715543873701235,0.5135212221698257,0.005636120595769924,0.003694715051736888,0.008825868706656434,0.03757433800806627
0.0041717215180502665,0.6544413577644185,0.00711471861101622,0.004734532819251864,0.01165148014398505,0.26636939491791933,0.009114548419916142,0.04240224580544269
0.012880718319240814,0.4389677928591534,0.015096670085029523,0.4708464129756491,0.03728141666907077,0.001564195876545237,0.015692934012849418,0.0076698592024620725
0.026231432156182,0.6461086667144926,0.017331417222078257,0.0035393340151318006,0.011852673325823543,0.26897184734544977,0.005907549712892017,0.020057079507950056
0.004323980632430572,0.4348512757149773,0.022798079971774667,0.4886226734445009,0.011091188331825524,0.011621258295619144,0.002247316218927587,0.02444422738994433
0.01092752782067979,0.7223079431536636,0.006241399522038176,0.024423195008989686,0.004854030105766584,0.21530712222200543,0.007376900074709237,0.008561882092147545
0.017656655212265216,0.44422908041256265,0.03926313769510858,0.43749687750322325,0.030746761794286596,0.008258198505201594,0.015313814576720645,0.007035474300631561
0.0021983603308773463,0.6658625726058491,0.02002164824666712,0.009855127106910368,0.018656706200639576,0.2463530554359277,0.014107200057820006,0.022945330015308858
0.012428209093825006,0.4678217438794177,0.028925090184176997,0.44240241882942616,0.010839007435864651,0.007644374636666488,0.014243537449621684,0.015695618491001487
0.00910103608137275,0.7081613862497443,0.03240817327112903,0.01089525143966185,0.024595699196479665,0.2026388381847458,0.005774818115104404,0.006424797461762153
0.01702981259835845,0.44653188850817577,0.011220312159061835,0.4273353357871712,0.020790257520814034,0.04602264491337786,0.007017351435666268,0.02405239707737463
0.0032223403921311272,0.7197382679076866,0.008682186609121541,0.014608584561912403,0.011213272879237447,0.2360601396852968,0.0047156249549829485,0.0017595830096310534
0.008023910325209615,0.48119433526724653,4.6535251072307754e-05,0.4444801809064864,0.010587079024916454,0.01410888792383629,0.01972067810089488,0.021838393200337508
0.017162591715938577,0.7194698305500583,0.00564443733877806,0.009344720278789003,0.009138756705981469,0.20276234143183067,0.006982565865074351,0.029494756113549524
0.033264500385935876,0.4951921705100468,0.03184964475376593,0.35876715047126434,0.006243407107116962,0.039010038164706794,0.004617528715664757,0.031055559891498632
0.03002872357804583,0.6692025665335808,0.04524705246587615,0.005238156714289741,0.012803690209278877,0.22080700173372678,0.011253846513408172,0.005418962251793503
0.014691275102895925,0.499802119528154,0.02004052200261767,0.379378019798763,0.02714298209106114,0.017609246138268333,0.027353900696944117,0.013981934641295652
0.014853156137583357,0.7023673084922111,0.02136237902361302,0.026324460904969375,0.012317129916414978,0.1918470268677399,0.01358676070940024,0.017341777948068137
0.028637871078626077,0.5736570785776631,0.0019541191750440177,0.3662817740846674,0.0022107385820284227,0.005583133108769504,0.0008593732271405962,0.02081591216606081
0.025305421358309148,0.6641750472569322,0.006668786347296543,0.008726886820490363,0.045979276960766355,0.2172045474077775,0.012854700995529019,0.019085332852898755
0.0039795406220238675,0.5610019872439089,0.007596886897073598,0.36830390206740926,0.0008340976061991779,0.016194469856375994,0.03362778782494825,0.008461327882061123
0.03912127012787144,0.6998979396740528,0.021604414671233155,0.020112676105064554,0.002151013277297141,0.1846527624377722,0.013597112433709004,0.018862811272999734
0.0006936707428341135,0.5358516914069417,0.0211552569770853,0.30120526230732997,0.07525303026979029,0.019111821560431595,0.027773438876469755,0.01895582785911716
