0.125,0.125,0.125,0.125,0.125,0.125,0.125,0.125
0.125,0.125,0.125,0.125,0.125,0.125,0.125,0.125
0.08785855469867951,0.1055772102427118,0.07129544778148383,0.06363467734915904,0.08252804031520783,0.28949956018761164,0.12360180987931776,0.1760046995458286
0.0625,0.23750000000000004,0.0625,0.2875000000000001,0.0625,0.08750000000000002,0.0625,0.13749999999999996
0.06138184596393049,0.1036071015148383,0.05137067340086249,0.06829033917459186,0.05898430315314152,0.2923833702679908,0.09630823643801836,0.2676741300866261
0.04166666666666666,0.28996464790611737,0.04166666666666666,0.393368685427216,0.04166666666666666,0.05833333333333334,0.04166666666666666,0.09166666666666662
0.06433830688513917,0.08606380997893628,0.04011316212127091,0.056114279876740954,0.06179824779246301,0.29865144990048836,0.09492770194329717,0.2979930415016642
0.03125000000000001,0.30879656227942387,0.03125000000000001,0.45370343772057625,0.03125000000000001,0.04375000000000002,0.03125000000000001,0.06874999999999999
0.05165164916663508,0.11823770557345228,0.03504371214654321,0.07586771105228188,0.05919361178935782,0.3092012000346644,0.08935910464120553,0.2614453055958599
0.025,0.32541770050136437,0.025,0.4845822994986356,0.025,0.03500000000000001,0.025,0.05499999999999998
0.04555540809244166,0.17365802276648265,0.03458743460306618,0.07545681394885558,0.04935134992534145,0.30031444727549894,0.08006580849940345,0.24101071488891015
0.020833333333333332,0.3420667236723725,0.020833333333333332,0.4995999429942941,0.020833333333333332,0.029166666666666674,0.020833333333333332,0.045833333333333316
0.040165186392131624,0.21698503187246931,0.03590251101906676,0.06610160475908745,0.0518839630275535,0.3009712883822664,0.07602881684609178,0.2119615977013331
0.017857142857142856,0.3607140552471439,0.017857142857142856,0.5035716590385704,0.017857142857142856,0.025000000000000005,0.017857142857142856,0.03928571428571427
0.03602825364879769,0.2628757787652831,0.037033255485816687,0.060237668743348106,0.055361840209175645,0.2820319843970484,0.07720452674611092,0.18922669200441944
0.015625,0.38015441999583943,0.015625,0.5010955800041605,0.015625,0.021875000000000006,0.015625,0.03437499999999999
0.04942912052829776,0.2854142593479925,0.034150698272694784,0.056171334435209844,0.05341682398896842,0.2818649142365805,0.06894575145619308,0.1706070977340631
0.013888888888888886,0.39987106778693676,0.013888888888888886,0.4945733766575075,0.013888888888888886,0.019444444444444445,0.013888888888888886,0.03055555555555554
0.0650081805998285,0.3083044755297762,0.03552149642073712,0.05102913983866703,0.04911613712555485,0.26718891693028224,0.06993872531784094,0.15389292823731332
0.012500000000000002,0.42026272940979303,0.012500000000000002,0.4847372705902068,0.012500000000000002,0.01750000000000001,0.012500000000000002,0.027499999999999997
0.07656721665948653,0.32157431648054907,0.033911148658105066,0.04773734718090052,0.05069397102024757,0.25843876843122726,0.06841574203418113,0.14266148953530283
0.011363636363636366,0.4411807491796109,0.011363636363636366,0.4724556144567526,0.011363636363636366,0.015909090909090914,0.011363636363636366,0.024999999999999994
0.09054062528519613,0.33422186168872653,0.035640258933954255,0.044059733140342394,0.04788435358026132,0.24882039936490383,0.06632426169884538,0.13250850630777014
0.010416666666666668,0.46304240979286493,0.010416666666666668,0.4577909235404683,0.010416666666666668,0.014583333333333339,0.010416666666666668,0.02291666666666666
0.10222700309218363,0.347688534291621,0.03518259282820368,0.042920830365591196,0.04757247652791211,0.23988077924030873,0.06173232311608769,0.12279546053809208
0.009615384615384616,0.48574830567185506,0.009615384615384616,0.44117477125122173,0.009615384615384616,0.013461538461538467,0.009615384615384616,0.02115384615384615
0.11165628098645888,0.34752312621850845,0.03418689841814318,0.04191869016744826,0.05041715969855681,0.23373297485804115,0.061273636639244296,0.11929123301359901
0.00892857142857143,0.5074223943919131,0.00892857142857143,0.42472046275094405,0.00892857142857143,0.012500000000000004,0.00892857142857143,0.01964285714285714
0.12418199832667126,0.34771193902890996,0.03442187709040977,0.04203184160505531,0.05696950491521821,0.22415472864118827,0.05798192555211187,0.11254618484043542
0.008333333333333335,0.5268825550977729,0.008333333333333335,0.4097841115688937,0.008333333333333335,0.01166666666666667,0.008333333333333335,0.01833333333333333
0.13497982991880492,0.3428516673507028,0.03495648013438836,0.04163121525460164,0.0634740643264481,0.21953390086831584,0.054847112588887685,0.10772572955785069
0.007812499999999998,0.5433849162113286,0.007812499999999998,0.3972400837886715,0.007812499999999998,0.010937500000000001,0.007812499999999998,0.01718749999999999
0.14434187024182352,0.34078257592280675,0.034646992212130794,0.04185582349949321,0.06991654627956506,0.21260515182199183,0.053262715795560335,0.10258832422662852
0.007352941176470586,0.5568616420133283,0.007352941176470586,0.38725600504549523,0.007352941176470586,0.010294117647058823,0.007352941176470586,0.016176470588235285
0.15497780903788444,0.33253171590029607,0.03286814404534923,0.042923842522021034,0.07971107442079563,0.2051720891511832,0.05410288300750879,0.09771244191496144
0.006944444444444443,0.5671999789847176,0.006944444444444443,0.38002224323750466,0.006944444444444443,0.009722222222222222,0.006944444444444443,0.01527777777777777
0.16532620921212282,0.33138485455531486,0.031324106380804434,0.041289538638282795,0.08898775356570789,0.195733625412998,0.05272466147520803,0.093229250759561
0.006578947368421051,0.5751818006911047,0.006578947368421051,0.3748181993088954,0.006578947368421051,0.009210526315789475,0.006578947368421051,0.014473684210526309
0.17363464283598154,0.3253172600664499,0.031101622946199094,0.040416966223214494,0.09443810730702396,0.19227140142543747,0.051690131639971146,0.09112986755572239
0.006250000000000001,0.5811584019537066,0.006250000000000001,0.3713415980462934,0.006250000000000001,0.008750000000000004,0.006250000000000001,0.013749999999999998
0.18300212608839092,0.3229034190381164,0.03131840716256797,0.03867820160520645,0.10007838835302785,0.1852993423984914,0.05150673124518766,0.08721338410901129
0.005952380952380954,0.5852931537258375,0.005952380952380954,0.3694687510360673,0.005952380952380954,0.008333333333333337,0.005952380952380954,0.013095238095238094
0.19554847548971963,0.3162040889342996,0.030606558105133786,0.03716031400779347,0.10921741120761767,0.17783192385497096,0.049214628007581945,0.08421660039288298
0.005681818181818181,0.5877664898017643,0.005681818181818181,0.3690516920164176,0.005681818181818181,0.007954545454545455,0.005681818181818181,0.012499999999999994
0.20651582228473273,0.3099151382045064,0.030296958588270816,0.035641457157617476,0.11558624356096751,0.17184937275176898,0.047748860067685174,0.08244614738445091
0.005434782608695651,0.5889371233750559,0.005434782608695651,0.3697585287988572,0.005434782608695651,0.007608695652173914,0.005434782608695651,0.01195652173913043
0.21762512291454528,0.30602528317541283,0.029329835922213984,0.035384492368235175,0.1191606830446343,0.16622796638141993,0.04604104796799547,0.08020556822554306
0.005208333333333332,0.5890342802645876,0.005208333333333332,0.37138238640207905,0.005208333333333332,0.007291666666666668,0.005208333333333332,0.011458333333333327
0.22767798600713088,0.3005539482186515,0.02860007094992274,0.03493558711722132,0.12423700285530596,0.15965461569692757,0.046016176609712064,0.07832461254512811
0.004999999999999999,0.5881834462901275,0.004999999999999999,0.3738165537098725,0.004999999999999999,0.007000000000000001,0.004999999999999999,0.010999999999999994
0.23742828422299178,0.29549380922785945,0.029579260429702728,0.034550875312246036,0.1248684584074972,0.15606290920514013,0.04436399946991523,0.07765240372464735
0.004807692307692307,0.5866914513602578,0.004807692307692307,0.3767700871012807,0.004807692307692307,0.006730769230769231,0.004807692307692307,0.010576923076923072
0.24643422301679183,0.291877393298528,0.029743643481479613,0.034080337815353155,0.12843737608769462,0.15043147667937107,0.043866223005027266,0.07512932661575422
0.004629629629629629,0.5847811596950807,0.004629629629629629,0.38003365511973414,0.004629629629629629,0.006481481481481482,0.004629629629629629,0.01018518518518518
0.25775512609405715,0.2867965374838257,0.029876818975272716,0.03317652967903996,0.1294373202999457,0.14601839012434528,0.043697308353916914,0.07324196898959642
0.004464285714285714,0.5826042935513321,0.004464285714285714,0.3834671350200964,0.004464285714285714,0.006250000000000001,0.004464285714285714,0.009821428571428568
0.26495493184567354,0.28299629342034827,0.02916099337395238,0.03483317892841334,0.1308036519844533,0.14135263862279956,0.042909305477183295,0.07298900634717619
0.004310344827586209,0.5803281195908627,0.004310344827586209,0.386913259719482,0.004310344827586209,0.006034482758620693,0.004310344827586209,0.009482758620689655
0.27290562257715084,0.2797728497758802,0.029078567361746258,0.033787636302638084,0.13256683570562064,0.1379214961301797,0.04250860756492065,0.07145838458186363
0.004166666666666666,0.5780069685708885,0.004166666666666666,0.3903263647624448,0.004166666666666666,0.0058333333333333345,0.004166666666666666,0.009166666666666663
0.2800785051815182,0.27864055358965273,0.02861750048754063,0.03428104312466647,0.13270005524033632,0.13437780096235755,0.04155573916204305,0.06974880225188518
0.004032258064516126,0.5757983541386268,0.004032258064516126,0.3935564845710506,0.004032258064516126,0.005645161290322579,0.004032258064516126,0.008870967741935475
0.28908294645356225,0.27727739195229456,0.02835440060861971,0.03324597667034142,0.13141335846305452,0.13140579168804709,0.04111272520612543,0.068107408957955
0.0039062499999999974,0.573975043967098,0.0039062499999999974,0.39633745603290194,0.0039062499999999974,0.005468749999999998,0.0039062499999999974,0.008593749999999992
0.2958432531100827,0.27637922981688307,0.02801694255340062,0.03358745938084809,0.12955109427255457,0.12798332724527625,0.040038463239570325,0.06860023038138437
0.0037878787878787845,0.5725445672718241,0.0037878787878787845,0.3986675539402972,0.0037878787878787845,0.0053030303030303,0.0037878787878787845,0.008333333333333323
0.3036692760518783,0.2748496470357792,0.028393897947298446,0.03403754007401687,0.12788476380753253,0.12434703451179238,0.03999875119115688,0.06681908938054537
0.003676470588235291,0.5715098959077551,0.003676470588235291,0.4005489276216567,0.003676470588235291,0.005147058823529409,0.003676470588235291,0.008088235294117637
0.31241377282937177,0.27353617133305463,0.027883797628688457,0.03330013072832567,0.12627855568331367,0.1210356201343603,0.03998984412246273,0.06556210754042294
0.0035714285714285687,0.5709154031816545,0.0035714285714285687,0.4019417396754885,0.0035714285714285687,0.0049999999999999975,0.0035714285714285687,0.007857142857142849
0.3192414561230934,0.2731510282924534,0.027602735206652636,0.03344810549368628,0.12456442807516185,0.11779032429343708,0.039749604741590124,0.06445231777392496
0.003472222222222218,0.5707941270990111,0.003472222222222218,0.40281698401210014,0.003472222222222218,0.004861111111111107,0.003472222222222218,0.007638888888888877
0.3279404315735804,0.27274023517788654,0.02686400258717203,0.033323401106936434,0.12205248787490545,0.1150420549599855,0.03879903645249675,0.0632383502670369
0.003378378378378376,0.5711548067235708,0.003378378378378376,0.40316951760075365,0.003378378378378376,0.004729729729729727,0.003378378378378376,0.007432432432432424
0.33573785767988024,0.27151601810562714,0.02691507583380413,0.032776704111734445,0.11924803213634648,0.11260322316858198,0.03877719174202574,0.06242589722199985
0.0032894736842105253,0.5719786341421095,0.0032894736842105253,0.40302136585789056,0.0032894736842105253,0.004605263157894736,0.0032894736842105253,0.007236842105263153
0.34429576687217844,0.27080705375040076,0.026644598747010556,0.03205945288831313,0.11709533354430676,0.11003597100574619,0.03813816711392696,0.0609236560781174
0.003205128205128203,0.5732376887941855,0.003205128205128203,0.40240333684684026,0.003205128205128203,0.004487179487179485,0.003205128205128203,0.007051282051282044
0.3518012546165812,0.27024838652992866,0.026470055186981988,0.03160913454604626,0.11499291446743765,0.10789389505569512,0.03722995570397548,0.059754403893353736
0.0031249999999999976,0.5749313820471282,0.0031249999999999976,0.4013186179528719,0.0031249999999999976,0.004374999999999998,0.0031249999999999976,0.006874999999999993
0.3602330549177441,0.26817825445620624,0.026576104770653565,0.030892350682827616,0.1131147614232949,0.10584401435815743,0.03684500273788024,0.058316456653236065
0.003048780487804876,0.5769586992248927,0.003048780487804876,0.39987056906779034,0.003048780487804876,0.004268292682926827,0.003048780487804876,0.006707317073170725
0.3686799718924111,0.2655321051182393,0.026409702895024062,0.03141728447790467,0.11083965537295537,0.10381854766750676,0.03626122753131966,0.057041505044639236
0.0029761904761904743,0.5793286508622694,0.0029761904761904743,0.39805230151868315,0.0029761904761904743,0.004166666666666665,0.0029761904761904743,0.006547619047619041
0.37583530120023917,0.2636167196446469,0.025813980575271407,0.031124450932214567,0.11008553489973494,0.10188084339786742,0.03560113775369113,0.05604203159633446
0.0029069767441860447,0.5819062377987861,0.0029069767441860447,0.39600073894540005,0.0029069767441860447,0.004069767441860463,0.0029069767441860447,0.006395348837209296
0.3834592435605014,0.26169235685289294,0.025683107336409775,0.03119795767887499,0.1082965314952167,0.09959823583305918,0.034847742068508374,0.05522482517453648
0.0028409090909090893,0.5847194604588672,0.0028409090909090893,0.3936896304502238,0.0028409090909090893,0.003977272727272726,0.0028409090909090893,0.006249999999999994
0.39216622638517923,0.25886283264870513,0.025444251855101938,0.031295939534195405,0.10654800114955061,0.09753698692958872,0.034077692253725665,0.054068069243953215
0.002777777777777776,0.5876801020488259,0.002777777777777776,0.39120878684006305,0.002777777777777776,0.0038888888888888875,0.002777777777777776,0.006111111111111105
0.4000159741175091,0.25603437075271623,0.025010965925468413,0.03163988721448937,0.10513726901684507,0.09553816576947395,0.03336840381139762,0.05325496339210029
0.0027173913043478243,0.5907581211657841,0.0027173913043478243,0.3885897049211725,0.0027173913043478243,0.003804347826086955,0.0027173913043478243,0.0059782608695652115
0.40848091222607374,0.25262582325925814,0.025173522315062837,0.031446184413212376,0.10348545134062424,0.09366597319576785,0.032991143165471845,0.05213099008452908
0.0026595744680851046,0.5938343971707207,0.0026595744680851046,0.3859528368718326,0.0026595744680851046,0.003723404255319148,0.0026595744680851046,0.005851063829787229
0.41596608997381357,0.24845227830614133,0.02528205113347371,0.0317184274124177,0.10185032824412074,0.0920474846589345,0.03265866552812834,0.05202467474297003
0.0026041666666666652,0.5967804671742741,0.0026041666666666652,0.38342786615905927,0.0026041666666666652,0.003645833333333332,0.0026041666666666652,0.005729166666666661
0.4242649247451664,0.24471076997353028,0.024958506098194905,0.03212377803317789,0.10004895211924078,0.09026726422034347,0.032402223002913906,0.05122358180743243
0.002551020408163264,0.5994843790540538,0.002551020408163264,0.3811278658439055,0.002551020408163264,0.0035714285714285704,0.002551020408163264,0.005612244897959179
0.4304218739487077,0.2409111687444083,0.025454530550187655,0.0321085319808368,0.09877027675858654,0.08992034039348393,0.03213269196009592,0.05028058566369313
0.0024999999999999988,0.6018859546001979,0.0024999999999999988,0.3791140453998022,0.0024999999999999988,0.0034999999999999988,0.0024999999999999988,0.005499999999999995
0.4378451295301388,0.23639060718528854,0.0250143457914687,0.032217903782915204,0.09882874277925671,0.08839519638708496,0.031571581180112954,0.049736493363733925
0.0024509803921568614,0.6039277612634654,0.0024509803921568614,0.37744478775614254,0.0024509803921568614,0.003431372549019607,0.0024509803921568614,0.005392156862745094
0.4458227076834376,0.23186260152921176,0.025073602301044533,0.03215001605853231,0.09831078032661741,0.08691144185663799,0.03098666245539726,0.048882187789120915
0.0024038461538461527,0.6055957371493437,0.0024038461538461527,0.3761350320814257,0.0024038461538461527,0.0033653846153846143,0.0024038461538461527,0.0052884615384615336
0.45257291085471885,0.2280269800611542,0.02502607369217853,0.03175080599769134,0.09756977018584612,0.08608265570286554,0.03063787961171723,0.04833292389382825
0.0023584905660377345,0.6069321420654107,0.0023584905660377345,0.37514332963270264,0.0023584905660377345,0.0033018867924528295,0.0023584905660377345,0.005188679245283014
0.4583859974234417,0.22383539963088234,0.02492780950768782,0.03150857377538973,0.09782303767938612,0.08494777211444479,0.030254000547789168,0.048317409320978104
0.0023148148148148134,0.6079972861675533,0.0023148148148148134,0.3744101212398541,0.0023148148148148134,0.0032407407407407398,0.0023148148148148134,0.005092592592592589
0.4632575369865566,0.2200222971532153,0.024688215179770608,0.03140765837379978,0.09775036665003592,0.08402718539693388,0.030467062518419494,0.04837967774126863
0.0022727272727272704,0.6088449078145478,0.0022727272727272704,0.373882364912725,0.0022727272727272704,0.0031818181818181793,0.0022727272727272704,0.004999999999999993
0.47029636122309826,0.216389266694077,0.02487125256493462,0.03093070497776281,0.0970384457123708,0.08273856706008191,0.030071487733708803,0.04766391403396586
0.002232142857142855,0.6094777766398523,0.002232142857142855,0.3735579376458621,0.002232142857142855,0.0031249999999999976,0.002232142857142855,0.0049107142857142795
0.4759207524785092,0.212633027803372,0.024992915763216876,0.0308739475922526,0.09698710584385349,0.08132771243436498,0.029786050162881748,0.047478487921549156
0.0021929824561403486,0.6099792953175347,0.0021929824561403486,0.3733540380157987,0.0021929824561403486,0.003070175438596489,0.0021929824561403486,0.004824561403508765
0.48350696700317863,0.20901955620034876,0.024807104546729,0.030617112010609696,0.09553303834277815,0.08000581919991853,0.029324575909870473,0.04718582678656677
0.0021551724137931012,0.6103733651748203,0.0021551724137931012,0.3732473244803522,0.0021551724137931012,0.0030172413793103426,0.0021551724137931012,0.0047413793103448214
0.49086405355991847,0.2055733770514831,0.024633718086715772,0.030620909745264453,0.09393990021133768,0.07908434786566011,0.028847000785542774,0.0464366926940776
0.002118644067796608,0.6107251863646992,0.002118644067796608,0.37317311872004666,0.002118644067796608,0.002966101694915252,0.002118644067796608,0.0046610169491525365
0.497198477323081,0.2023043690215134,0.024434225398446,0.030392312645525315,0.09280309398229046,0.0783344127788068,0.028705237652573375,0.0458278711977636
0.0020833333333333316,0.6110562238196299,0.0020833333333333316,0.3731104428470369,0.0020833333333333316,0.0029166666666666646,0.0020833333333333316,0.004583333333333327
0.5035016404215471,0.19916114918217007,0.024596652016434243,0.030138457530859055,0.09128494485171226,0.07742961064081474,0.028696131892897218,0.04519141346356545
0.0020491803278688504,0.6113764075875135,0.0020491803278688504,0.37304982192068326,0.0020491803278688504,0.0028688524590163916,0.0020491803278688504,0.00450819672131147
0.5092602881802806,0.19609227444907398,0.024201838474816755,0.030538344597920812,0.08984812122583508,0.07644580266559224,0.02848081133973658,0.04513251906674404
0.0020161290322580627,0.6116862628467559,0.0020161290322580627,0.37299115650808295,0.0020161290322580627,0.0028225806451612884,0.0020161290322580627,0.004435483870967737
0.5146938808110957,0.19303366181459763,0.024302469882181814,0.030459460412147216,0.08876355267829567,0.07524261255330378,0.028282184282770035,0.04522217756560821
0.0019841269841269823,0.6119862814311016,0.0019841269841269823,0.3729343534895334,0.0019841269841269823,0.002777777777777776,0.0019841269841269823,0.00436507936507936
0.5206157027087953,0.19008546373465227,0.023947235659240496,0.030270023624114472,0.08755635713627824,0.07473344156786103,0.028188284491991553,0.04460349107706672
0.0019531249999999983,0.6122769244346865,0.0019531249999999983,0.37287932556531356,0.0019531249999999983,0.002734374999999998,0.0019531249999999983,0.004296874999999995
0.5266609187832256,0.18733135311156102,0.023968688088919624,0.030269721532106077,0.08627672760680984,0.0738098412278352,0.027755031288584586,0.04392771836095806
0.001923076923076921,0.6125586245766226,0.001923076923076921,0.3728259908079927,0.001923076923076921,0.00269230769230769,0.001923076923076921,0.004230769230769225
0.5321507398508857,0.18466943047554646,0.023683755885856386,0.03016724257821867,0.08529185677636468,0.07274708421617643,0.027774268880701523,0.043515621336250275
0.0018939393939393918,0.6128317883506212,0.0018939393939393918,0.37277427225543924,0.0018939393939393918,0.0026515151515151495,0.0018939393939393918,0.0041666666666666605
0.5377526157058842,0.1821352693001746,0.023487066216993924,0.030028906145930942,0.0844007969977199,0.07173906314595546,0.027497077963036874,0.042959204524304025
0.0018656716417910428,0.6130967979821126,0.0018656716417910428,0.3727240975402754,0.0018656716417910428,0.0026119402985074606,0.0018656716417910428,0.004104477611940293
0.5433602450908253,0.17954835222555765,0.023230604642249745,0.02961210453841366,0.08324439293647233,0.07113303694948851,0.027266728111981667,0.0426045355050112
0.001838235294117645,0.6133540132126776,0.001838235294117645,0.37267539855202814,0.001838235294117645,0.0025735294117647037,0.001838235294117645,0.004044117647058818
0.5481549768117289,0.17707309973448954,0.023298493730547085,0.02952045084505613,0.08242514552585417,0.07026428690749248,0.027216783608101435,0.04204676283673036
0.0018115942028985488,0.6136037729293132,0.0018115942028985488,0.3726281111286576,0.0018115942028985488,0.002536231884057969,0.0018115942028985488,0.003985507246376806
0.5535060840832497,0.17471798892850213,0.02320527375731096,0.029290028455075567,0.08129787213694885,0.06963585768701748,0.026854715753924396,0.04149217919797072
0.001785714285714284,0.6138463966540451,0.001785714285714284,0.37258217477452626,0.001785714285714284,0.002499999999999998,0.001785714285714284,0.003928571428571424
0.5577961963465873,0.17272916265580493,0.022992582093417917,0.029166163432616236,0.08053033350779,0.06905316831005552,0.0266926421370774,0.04103975151665062
0.0017605633802816884,0.6140821859076576,0.0017605633802816884,0.37253753240220144,0.0017605633802816884,0.002464788732394364,0.0017605633802816884,0.003873239436619713
0.561686617448754,0.17076412245878927,0.022838619075139458,0.028937426803060003,0.0795307234733075,0.06877986959419571,0.02638205313428043,0.04108056801247349
0.0017361111111111095,0.6143114254597809,0.0017361111111111095,0.37249413009577453,0.0017361111111111095,0.002430555555555554,0.0017361111111111095,0.0038194444444444395
0.566995103518826,0.1685173610571267,0.022530081796751547,0.028747091816181604,0.07868580089550577,0.06785321483312526,0.026097994704652076,0.0405733513778311
0.001712328767123286,0.6145343844762297,0.001712328767123286,0.3724519168936333,0.001712328767123286,0.002397260273972601,0.001712328767123286,0.003767123287671228
0.5713552379739537,0.16651687573099147,0.02255639695740354,0.028411733179613423,0.07774749963137433,0.06724136125595206,0.025914658233102798,0.040256237037608646
0.0016891891891891875,0.6147513175733148,0.0016891891891891875,0.3724108445888472,0.0016891891891891875,0.0023648648648648633,0.0016891891891891875,0.0037162162162162117
0.5757745577061094,0.16442734972432546,0.022483543491666664,0.028429577615717214,0.07691898984593717,0.06635436187318536,0.02582908409933886,0.03978253564371978
0.001666666666666665,0.6149624657878111,0.001666666666666665,0.37237086754552207,0.001666666666666665,0.002333333333333332,0.001666666666666665,0.003666666666666662
0.5801914382467341,0.16226503349676588,0.022358040281848558,0.028122155131429058,0.07592478933108421,0.06568276800805455,0.025671872363374263,0.03978390314070935
0.0016447368421052615,0.615168057470347,0.0016447368421052615,0.37233194252965285,0.0016447368421052615,0.002302631578947367,0.0016447368421052615,0.0036184210526315746
0.5838841888635324,0.16064144716345022,0.022184197788870378,0.027847761870911036,0.07513506411772061,0.06508352068416884,0.02576037472651224,0.03946344478483438
0.001623376623376622,0.6153683091091806,0.001623376623376622,0.3722940285531569,0.001623376623376622,0.0022727272727272713,0.001623376623376622,0.003571428571428567
0.5881182522490244,0.15890866156715377,0.0219451427985346,0.02752603255844482,0.07437409137406094,0.06440464393845034,0.025484761610122652,0.03923841390420846
0.0016025641025641012,0.6155634260906083,0.0016025641025641012,0.37225708672990443,0.0016025641025641012,0.002243589743589742,0.0016025641025641012,0.0035256410256410214
0.5925790557384659,0.1569519696478709,0.021697770013902835,0.02731196165909337,0.0734849880555838,0.06370853822528279,0.02523348100891022,0.039032235650890194
0.001582278481012657,0.61575360340162,0.001582278481012657,0.3722210801426836,0.001582278481012657,0.00221518987341772,0.001582278481012657,0.0034810126582278437
0.5964805985150019,0.15504924789935204,0.02151763721751605,0.02699328429527783,0.07279910045849058,0.06298251158559262,0.02534862890210062,0.038828991126668426
0.0015624999999999986,0.6159390262798565,0.0015624999999999986,0.3721859737201434,0.0015624999999999986,0.0021874999999999985,0.0015624999999999986,0.0034374999999999957
0.6005470368726571,0.15331703632594912,0.021336884923985732,0.026688051428206166,0.07191718545982188,0.062356890039826314,0.025229046042398597,0.03860786890715513
0.0015432098765432085,0.6161198708154205,0.0015432098765432085,0.372151734122851,0.0015432098765432085,0.0021604938271604923,0.0015432098765432085,0.003395061728395058
0.6031497722795433,0.151814901656285,0.021155152487721,0.026536372549415307,0.07124603822855165,0.06200420315940102,0.02572813956563641,0.038365420073446364
0.0015243902439024378,0.6162963045086536,0.0015243902439024378,0.37211832963768776,0.0015243902439024378,0.0021341463414634135,0.0015243902439024378,0.003353658536585362
0.6067162680020646,0.15006255325477366,0.021440397589268835,0.02624888980306914,0.07043040832205785,0.061333511481590636,0.02565967287430371,0.038108298672871604
0.001506024096385541,0.6164684867875919,0.001506024096385541,0.37208573007987783,0.001506024096385541,0.0021084337349397578,0.001506024096385541,0.0033132530120481888
0.6099772084904354,0.14838747535888336,0.021322741988232852,0.02594743719800672,0.06973113567694289,0.06127085405215001,0.025705352045913964,0.03765779518943471
0.001488095238095237,0.6166365694884604,0.001488095238095237,0.3720539067020157,0.001488095238095237,0.002083333333333332,0.001488095238095237,0.00327380952380952
0.6132344534308013,0.1470041598888709,0.021158648667217228,0.02573638859457221,0.06892716966186659,0.060804771696220436,0.02563017445336121,0.037504233607090286
0.0014705882352941163,0.6168006973022495,0.0014705882352941163,0.3720228321095151,0.0014705882352941163,0.0020588235294117635,0.0014705882352941163,0.003235294117647055
0.616882149881386,0.14530015570498944,0.02130326180283741,0.02551563145323921,0.06821704481495726,0.060109955715157495,0.025379511578960023,0.03729228904847328
0.0014534883720930222,0.6169610081901366,0.0014534883720930222,0.37199248018195635,0.0014534883720930222,0.0020348837209302312,0.0014534883720930222,0.0031976744186046476
0.619830303856586,0.14389184720198617,0.02114259010176137,0.025351227905939848,0.06753764642480936,0.059805372763928014,0.025336956856357975,0.03710405488863139
0.0014367816091954012,0.6171176337702561,0.0014367816091954012,0.37196282599985875,0.0014367816091954012,0.002011494252873562,0.0014367816091954012,0.0031609195402298815
0.6229268522991986,0.14246060752485076,0.020968234935672257,0.025488230669209203,0.06686606380938047,0.05938424721344777,0.025196773820293596,0.03670898972794729
0.0014204545454545444,0.6172706996781002,0.0014204545454545444,0.37193384577644517,0.0014204545454545444,0.0019886363636363626,0.0014204545454545444,0.0031249999999999963
0.6263386517992585,0.14087288994205002,0.02086107332697956,0.025431380247518665,0.06618217428417703,0.059007249021158954,0.02491574898764002,0.036390832391216994
0.0014044943820224708,0.617420325902622,0.0014044943820224708,0.37190551679400713,0.0014044943820224708,0.0019662921348314595,0.0014044943820224708,0.0030898876404494347
0.6297454886351621,0.1393575639351306,0.020764435209833752,0.02522525217940486,0.0655976169138693,0.058468393446488055,0.024825941450310505,0.03601530822980078
0.0013888888888888879,0.6175666270999322,0.0013888888888888879,0.3718778173445122,0.0013888888888888879,0.0019444444444444433,0.0013888888888888879,0.0030555555555555522
0.6323914439516334,0.13826788314903654,0.020719499234642974,0.02505976439065394,0.06509664862258571,0.057947170363320165,0.02473727061367263,0.035780319674454684
0.0013736263736263726,0.6177097128863124,0.0013736263736263726,0.37185072667412705,0.0013736263736263726,0.001923076923076922,0.0013736263736263726,0.0030219780219780186
0.6355570121598988,0.13687169440961272,0.020592772855306,0.02493405547717504,0.06445901967887559,0.05737648015403236,0.024765165510983345,0.03544379975411632
0.001358695652173912,0.6178496881121192,0.001358695652173912,0.37182422493135897,0.001358695652173912,0.0019021739130434773,0.001358695652173912,0.0029891304347826053
0.6383074640547431,0.13548444848482588,0.02054958938627229,0.02486656770843245,0.0640471513754969,0.05688792432108734,0.02468988451683971,0.035166970152302225
0.0013440860215053754,0.6179866531180161,0.0013440860215053754,0.3717982931185429,0.0013440860215053754,0.001881720430107526,0.0013440860215053754,0.002956989247311825
0.6414987037114395,0.13410835891612402,0.02052333169234402,0.02471748539793165,0.06339513363515441,0.05648124353442043,0.024461855891045554,0.03481388722154031
0.0013297872340425523,0.6181207039748515,0.0013297872340425523,0.371772913046425,0.0013297872340425523,0.0018617021276595735,0.0013297872340425523,0.002925531914893614
0.6445492317160171,0.13280635152108888,0.02033128322734745,0.024610038457009747,0.06290562666876832,0.05596882929380294,0.024254584285165293,0.034574054830800095
0.0013157894736842096,0.618251932708385,0.0013157894736842096,0.37174806729161486,0.0013157894736842096,0.0018421052631578938,0.0013157894736842096,0.0028947368421052603
0.6472147800331748,0.13164824423729715,0.02018983765560343,0.0244238140670264,0.0625464741406961,0.05550240397898445,0.024124263730867804,0.034350182156349676
0.0013020833333333324,0.6183804275099699,0.0013020833333333324,0.37172373915669665,0.0013020833333333324,0.0018229166666666658,0.0013020833333333324,0.00286458333333333
0.6499297252328167,0.13040487663434192,0.02011595679169496,0.024262911706832802,0.061925213355805094,0.05513841518494058,0.02395021822554423,0.03427268286802401
0.001288659793814432,0.6185062729342026,0.001288659793814432,0.3716999126328076,0.001288659793814432,0.0018041237113402054,0.001288659793814432,0.0028350515463917494
0.6528108096564372,0.129138961045783,0.02018175116155825,0.024027953280433896,0.06133760020704051,0.05476409512663804,0.023794602520073038,0.033944227002036
0.0012755102040816317,0.6186295500844713,0.0012755102040816317,0.3716765723645082,0.0012755102040816317,0.0017857142857142848,0.0012755102040816317,0.002806122448979589
0.6555158081752621,0.1279111944622635,0.020094891785367545,0.023876894689610545,0.0608819365642206,0.05423475050467785,0.023559052638034587,0.033925471180563035
0.0012626262626262616,0.6187503367872599,0.0012626262626262616,0.37165370361678046,0.0012626262626262616,0.001767676767676767,0.0012626262626262616,0.002777777777777775
0.6581164946613601,0.12673553025932457,0.01998575676097587,0.023766327637327198,0.06032043714071012,0.05407627832688142,0.023397683415090006,0.03360149179833081
0.0012499999999999992,0.6188687077559926,0.0012499999999999992,0.3716312922440073,0.0012499999999999992,0.0017499999999999992,0.0012499999999999992,0.0027499999999999972
0.6609747186485943,0.12559435211682565,0.01996870665117736,0.023610322847928373,0.05973152278734428,0.05354532576764106,0.023254744815294145,0.03332030636519484
0.0012376237623762368,0.6189847347451465,0.0012376237623762368,0.371609324660794,0.0012376237623762368,0.0017326732673267318,0.0012376237623762368,0.00272277227722772
0.663461368650899,0.12458711413447597,0.019838874499438077,0.023415398607324864,0.05915273855534429,0.05308845240146867,0.023240649548304276,0.03321540360274496
0.0012254901960784305,0.6190984866952974,0.0012254901960784305,0.3715877878145064,0.0012254901960784305,0.0017156862745098032,0.0012254901960784305,0.0026960784313725464
0.6660440347798912,0.12344880367053056,0.019758561214958285,0.023285739780443796,0.058633630213273204,0.052848668575874454,0.023055645575102913,0.03292491618992562
0.001213592233009708,0.6192100298697172,0.001213592233009708,0.3715666691594089,0.001213592233009708,0.0016990291262135916,0.001213592233009708,0.0026699029126213566
0.6685994673540204,0.12227407498936052,0.019722565899835804,0.02308111894867361,0.05838719191101926,0.05234860852571702,0.02286095693998048,0.03272601543139311
0.0012019230769230757,0.6193194279830907,0.0012019230769230757,0.37154595663229395,0.0012019230769230757,0.0016826923076923065,0.0012019230769230757,0.002644230769230766
0.6713107842727956,0.12124652167656383,0.01956203584496947,0.022930439938586223,0.057868888220096296,0.05194299239412293,0.022659609893061216,0.032478727759804454
0.0011904761904761886,0.6194267423228761,0.0011904761904761886,0.3715256386295049,0.0011904761904761886,0.0016666666666666646,0.0011904761904761886,0.002619047619047614
0.6738835971733378,0.12011438175685979,0.019427516600175894,0.022741038849417236,0.05733775166457186,0.05156286689931934,0.022670360960755576,0.03226248609556251
0.0011792452830188655,0.6195320318637977,0.0011792452830188655,0.371505703985259,0.0011792452830188655,0.0016509433962264121,0.0011792452830188655,0.0025943396226415032
0.6764058383382956,0.11907604735101406,0.019248529053678375,0.02257945724830281,0.05684412795443446,0.05121310614094348,0.02248157442237263,0.032151319490958445
0.0011682242990654177,0.6196353533759169,0.0011682242990654177,0.37148614195118596,0.0011682242990654177,0.001635514018691585,0.0011682242990654177,0.002570093457943918
0.6783858497054193,0.11801253985329671,0.019180459744601044,0.02267572240368918,0.05642663557321304,0.05079544041026064,0.02258622524305938,0.031937127066460604
0.0011574074074074039,0.6197367615267007,0.0011574074074074039,0.3714669421770031,0.0011574074074074039,0.0016203703703703658,0.0011574074074074039,0.002546296296296288
0.6801047101074655,0.11717544127245084,0.019198641984247318,0.022564966219487708,0.05613968386662464,0.050566773433204724,0.02250062246802574,0.031749160648493424
0.001146788990825684,0.61983630897747,0.001146788990825684,0.37144809469225487,0.001146788990825684,0.001605504587155958,0.001146788990825684,0.002522935779816504
0.6825019437995903,0.11619330493546291,0.01906570048746447,0.022380356746946908,0.05572283667880077,0.05016597409302468,0.022463424399190707,0.031506458859519235
0.0011363636363636318,0.6199340464745889,0.0011363636363636318,0.37142958988904745,0.0011363636363636318,0.0015909090909090849,0.0011363636363636318,0.002499999999999989
0.6847471300781711,0.11528097570503298,0.018919790667005717,0.022245555005959382,0.05529964636356413,0.04980130004753144,0.022375043299120823,0.03133055883361444
0.0011261261261261211,0.6200300229357238,0.0011261261261261211,0.3714114185057177,0.0011261261261261211,0.00157657657657657,0.0011261261261261211,0.0024774774774774656
0.6870182540169812,0.1142664035433021,0.018888732903670446,0.02217249333978992,0.05490740232384571,0.04944854501084908,0.02217996484036791,0.031118204021193648
0.001116071428571423,0.6201242855314812,0.001116071428571423,0.37139357161137593,0.001116071428571423,0.0015624999999999927,0.001116071428571423,0.00245535714285713
0.6892526335623673,0.1134260838283996,0.018784720727813335,0.02206449566102609,0.05448600569298885,0.04906991276363903,0.022001962466829523,0.0309141852969363
0.0011061946902654806,0.620216879762712,0.0011061946902654806,0.37137604059127033,0.0011061946902654806,0.0015486725663716734,0.0011061946902654806,0.002433628318584057
0.6910393395277965,0.11259583903386174,0.01876616197929654,0.02206943812452461,0.0541645757285968,0.048727805302529355,0.021851871306602506,0.030784968996792127
0.001096491228070169,0.6203078495337458,0.001096491228070169,0.37135881713292096,0.001096491228070169,0.001535087719298237,0.001096491228070169,0.002412280701754371
0.6927504576847481,0.11179332910647531,0.01870799985582936,0.02190153373146825,0.05378292106965689,0.048354602117624816,0.0218927330267158,0.03081642340748134
0.0010869565217391235,0.6203972372218051,0.0010869565217391235,0.37134189321297767,0.0010869565217391235,0.0015217391304347735,0.0010869565217391235,0.0023913043478260712
0.6946674727644259,0.11093577468780297,0.0185608860896331,0.02182574363961203,0.05351778962402449,0.04812578696495949,0.02177000527191507,0.03059654095762694
0.0010775862068965446,0.6204850837428287,0.0010775862068965446,0.3713252610847575,0.0010775862068965446,0.0015086206896551626,0.0010775862068965446,0.002370689655172397
0.6965489812300152,0.1100401052747725,0.018559329079908246,0.021830559069286663,0.05310962808395833,0.0479638556579619,0.02158677202687474,0.030360769577222512
0.0010683760683760607,0.6205714286139205,0.0010683760683760607,0.3713089132664215,0.0010683760683760607,0.0014957264957264854,0.0010683760683760607,0.002350427350427333
0.6985435785468735,0.10915087609191863,0.018415235550512547,0.021729660682889892,0.052742896250056924,0.04764961890677137,0.021489456313120818,0.030278677657856277
0.001059322033898297,0.6206563100126208,0.001059322033898297,0.3712928425297522,0.001059322033898297,0.0014830508474576163,0.001059322033898297,0.0023305084745762527
0.7005363795445768,0.1082381513054608,0.018455855008042248,0.021579602262170476,0.05238795458900853,0.04743676382951896,0.021308878230864758,0.0300564152303575
0.0010504201680672184,0.6207397648331917,0.0010504201680672184,0.37127704188949745,0.0010504201680672184,0.0014705882352941064,0.0010504201680672184,0.00231092436974788
0.7022075197605506,0.10745174028698587,0.01831366482242215,0.021496134746122227,0.05217599116136686,0.047180466252911085,0.02113286351283244,0.030041619456808853
0.001041666666666658,0.6208218287400864,0.001041666666666658,0.37126150459324697,0.001041666666666658,0.0014583333333333215,0.001041666666666658,0.0022916666666666467
0.7042107678209918,0.10665448486707622,0.018171229608442564,0.021420162960115088,0.051782776280011565,0.04681350346233616,0.02105506747773364,0.02989200752329289
0.0010330578512396603,0.620902536218768,0.0010330578512396603,0.3712462241118106,0.0010330578512396603,0.0014462809917355247,0.0010330578512396603,0.002272727272727252
0.705820664288206,0.10603263403377454,0.0182286826879317,0.021266971581593467,0.05140773234630658,0.0464940017330986,0.021079795406037626,0.029669517923051336
0.0010245901639344167,0.6209819206240286,0.0010245901639344167,0.3712311941300699,0.0010245901639344167,0.0014344262295081839,0.0010245901639344167,0.002254098360655716
0.7075745551294301,0.10527923750058024,0.018148471886576308,0.021226327020635413,0.0511035706705486,0.04614193443023028,0.02094679695621647,0.029579106405782454
