0.125,0.125,0.125,0.125,0.125,0.125,0.125,0.125
0.125,0.125,0.125,0.125,0.125,0.125,0.125,0.125
0.08795565224125969,0.137293975093411,0.08116861628369651,0.13924099534058892,0.11560553556186624,0.13928577488972643,0.06502719144726357,0.2344222591421876
0.0625,0.1785714285714286,0.0625,0.28571428571428575,0.0625,0.0892857142857143,0.0625,0.1964285714285714
0.07206132338118003,0.11814904937212699,0.0907508219564805,0.10693794239028206,0.15314463573094603,0.14656438677869713,0.0439124407184601,0.26847939967182727
0.041666666666666664,0.16884016235417545,0.041666666666666664,0.3978839908568416,0.041666666666666664,0.059523809523809534,0.041666666666666664,0.20708537059850682
0.07536616263746837,0.11663191891873212,0.08903849042990135,0.10183573621092312,0.1275864170500952,0.13633096641336523,0.09293716604869925,0.26027314229081533
0.031249999999999993,0.12663012176563157,0.031249999999999993,0.5129393986905083,0.031249999999999993,0.044642857142857144,0.031249999999999993,0.190787622401003
0.07061401926131843,0.10012293538681352,0.07690901196535452,0.10042619231826455,0.12242960769053127,0.16876759054730192,0.10685023845563621,0.2538804043747796
0.024999999999999994,0.10130409741250526,0.024999999999999994,0.6103515189524066,0.024999999999999994,0.03571428571428571,0.024999999999999994,0.15263009792080243
0.07954044896210784,0.09473617451694168,0.06433702017808528,0.09808818606863244,0.14326979167712087,0.19362068042021938,0.09169417424517928,0.2347135239317132
0.02083333333333333,0.08442008117708771,0.02083333333333333,0.6752929324603388,0.02083333333333333,0.029761904761904764,0.02083333333333333,0.12719174826733534
0.07058225301502556,0.0949205995540047,0.06719395507596426,0.10034392204208119,0.1436344238569347,0.21762910115856754,0.07926411362575556,0.2264316316716666
0.017857142857142856,0.0723600695803609,0.017857142857142856,0.7216796563945761,0.017857142857142856,0.025510204081632654,0.017857142857142856,0.10902149851485887
0.07136426076960206,0.09843309268051216,0.06749391064159317,0.09382647018013501,0.16488202569619584,0.2301349631184808,0.07456690759087285,0.1992983693226082
0.015624999999999997,0.06331506088281579,0.015624999999999997,0.756469699345254,0.015624999999999997,0.022321428571428572,0.015624999999999997,0.0953938112005015
0.07979324850304878,0.09119892087140906,0.062480199155573984,0.0863823017577799,0.1984305361980338,0.2284010116161776,0.06866007800479844,0.18465370389317834
0.013888888888888888,0.05628005411805849,0.013888888888888888,0.783528621640226,0.013888888888888888,0.019841269841269844,0.013888888888888888,0.08479449884489025
0.0856065505063185,0.09153436032788442,0.05898326025619597,0.0789513495267457,0.20067026814352812,0.2452135029709301,0.07151441970333663,0.16752628856506063
0.012499999999999997,0.05065204870625263,0.012499999999999997,0.8051757594762032,0.012499999999999997,0.017857142857142856,0.012499999999999997,0.07631504896040121
0.09319620049159094,0.10124685424379777,0.06590568189751923,0.0749558012711039,0.20888910268883817,0.2368300423291207,0.06651737898171899,0.1524589380963102
0.011363636363636362,0.04604731700568421,0.011363636363636362,0.8228870540692756,0.011363636363636362,0.016233766233766236,0.011363636363636362,0.06937731723672837
0.09907236562294963,0.09450183782019883,0.06776769781715514,0.07710852008521384,0.21467705082400848,0.2398608004447124,0.06680423856942845,0.14020748881633313
0.010416666666666664,0.04221004058854386,0.010416666666666664,0.8376464662301694,0.010416666666666664,0.014880952380952382,0.010416666666666664,0.06359587413366767
0.10079913594455901,0.10186914909069143,0.06404110265558341,0.07278323708040016,0.2278394963573165,0.2365498889438705,0.061999022606510426,0.1341189673210686
0.009615384615384614,0.0389631143894251,0.009615384615384614,0.8501351995970794,0.009615384615384614,0.013736263736263736,0.009615384615384614,0.05870388381569324
0.0971706846125472,0.09891220250481732,0.06132123207935181,0.0698778208171784,0.2442703945965831,0.24153931709646545,0.05802429045630087,0.12888405783675577
0.008928571428571428,0.03618003479018045,0.008928571428571428,0.860839828197288,0.008928571428571428,0.012755102040816327,0.008928571428571428,0.054510749257429436
0.09982679382904214,0.09934032705707346,0.05795630862922652,0.06896041514814484,0.25068427839335145,0.23873632627944677,0.05891376450483297,0.12558178615888188
0.008333333333333331,0.03376803247083509,0.008333333333333331,0.8701171729841355,0.008333333333333331,0.011904761904761906,0.008333333333333331,0.05087669930693414
0.09579503245518804,0.11153142186655625,0.05560681980525105,0.07021625098673272,0.24636142727252627,0.22911383025261095,0.060396013218180535,0.13097920414295414
0.007812499999999998,0.03165753044140789,0.007812499999999998,0.8782348496726269,0.007812499999999998,0.011160714285714286,0.007812499999999998,0.04769690560025075
0.10759478561850938,0.11298217831987595,0.05276468972282377,0.06679000414153718,0.2401740432349479,0.226599140886975,0.06486551185545765,0.12822964621987332
0.007352941176470588,0.029795322768383904,0.007352941176470588,0.8853975055742372,0.007352941176470588,0.010504201680672271,0.007352941176470588,0.04489120527082425
0.12168834559649103,0.11576784875994561,0.05008818516741455,0.06366834820947448,0.24167120075956414,0.21546596842873458,0.0664364573039142,0.12521364577446134
0.006944444444444444,0.028140027059029245,0.006944444444444444,0.891764310820113,0.006944444444444444,0.009920634920634922,0.006944444444444444,0.042397249422445125
0.129518515907667,0.11456526817485338,0.05329225146936118,0.06261787864928899,0.23367552741905256,0.2169847563867785,0.06584775855617901,0.12349804343681932
0.006578947368421052,0.026658973003290863,0.006578947368421052,0.8974609260401071,0.006578947368421052,0.009398496240601505,0.006578947368421052,0.04016581524231643
0.1357709719675484,0.11953941613747562,0.05404425203216094,0.061171637167647376,0.2282464334899355,0.21403663605009965,0.06780731192424874,0.11938334123088372
0.00625,0.02532602435312632,0.00625,0.9025878797381017,0.00625,0.00892857142857143,0.00625,0.038157524480200614
0.14289168845823783,0.11979158993347226,0.05363634327857671,0.05863090766005204,0.2273591426150517,0.21680172742245601,0.06462893848500524,0.11625966214714849
0.005952380952380952,0.02412002319345364,0.005952380952380952,0.9072265521315254,0.005952380952380952,0.008503401360544218,0.005952380952380952,0.03634049950495296
0.1506243929700407,0.12094808871678325,0.05299580503065593,0.06195287102011318,0.2213854612870951,0.21020239783094663,0.06750496806989137,0.11438601507447377
0.005681818181818182,0.023023658502842107,0.005681818181818182,0.9114435270346379,0.005681818181818182,0.008116883116883118,0.005681818181818182,0.03468865861836419
0.15539651412937794,0.12813899458271527,0.05184003278670927,0.06017441823748151,0.21400798813623576,0.21186817964527016,0.06615307160026523,0.11242080088194499
0.005434782608695652,0.022022629872283758,0.005434782608695652,0.9152938084679145,0.005434782608695652,0.007763975155279505,0.005434782608695652,0.03318045606973966
0.16321430558652159,0.12772432382873625,0.051503397789485206,0.059642796448363726,0.21068945778450535,0.20936470859270367,0.06927480963873496,0.10858620033094932
0.005208333333333333,0.021105020294271932,0.005208333333333333,0.9188232331150847,0.005208333333333333,0.007440476190476192,0.005208333333333333,0.03179793706683384
0.16611764289877728,0.1319894357098895,0.05228209168344378,0.0588488414784329,0.20841149464637676,0.208545265594743,0.0692256836841808,0.104579544304156
0.005,0.020260819482501056,0.005,0.9220703037904814,0.005,0.007142857142857144,0.005,0.03052601958416049
0.1661002866069731,0.14063507912138382,0.05370617736922519,0.058966724813940025,0.2048727720332607,0.20411274636172197,0.06700741411338573,0.10459879958010952
0.004807692307692308,0.019481557194712555,0.004807692307692308,0.9250675997985398,0.004807692307692308,0.00686813186813187,0.004807692307692308,0.029351941907846624
0.17115817817636556,0.1484176100345624,0.05342242364284623,0.057808950723103464,0.20257698290896442,0.19949278905374593,0.06536869445465462,0.10175437100575728
0.004629629629629629,0.01876001803935283,0.004629629629629629,0.9278428738800754,0.004629629629629629,0.006613756613756615,0.004629629629629629,0.02826483294829675
0.17556995973449616,0.15184305067718507,0.054554703206168495,0.05953476030222693,0.19973169425738882,0.19420917968317963,0.06561575302637757,0.09894089911297738
0.004464285714285714,0.018090017395090228,0.004464285714285714,0.9304199140986441,0.004464285714285714,0.006377551020408164,0.004464285714285714,0.02725537462871472
0.18549261568252715,0.1583050371884415,0.05269925550209662,0.058781840974600506,0.19498508072532666,0.18774674443518127,0.06469153778644714,0.09729788770537917
0.004310344827586207,0.017466223691811254,0.004310344827586207,0.9328192274055873,0.004310344827586207,0.006157635467980297,0.004310344827586207,0.026315534124276282
0.18965067171003835,0.16734802508542812,0.050960084228265874,0.06046068741680046,0.19076890604338867,0.18245391402001715,0.0640025224259216,0.09435518907013993
0.004166666666666667,0.016884016235417545,0.004166666666666667,0.9350585864920677,0.004166666666666667,0.005952380952380954,0.004166666666666667,0.025438349653467075
0.1964400293240507,0.17221365571275662,0.05074599484229954,0.059056737061911314,0.1880705916597395,0.1770316236909237,0.06252482357146762,0.09391654413685105
0.004032258064516129,0.01633937055040408,0.004032258064516129,0.9371534707987753,0.004032258064516129,0.005760368663594471,0.004032258064516129,0.024617757729161683
0.20022226550490935,0.17601931171932866,0.05080576921167308,0.059568750834312255,0.18288985205574748,0.17171884749981592,0.06358902578255604,0.09518617739165731
0.00390625,0.01582876522070395,0.00390625,0.9391174248363136,0.00390625,0.005580357142857144,0.00390625,0.023848452800125382
0.203026600250425,0.183845826229936,0.051009218754122745,0.05858798439675081,0.17999316513779587,0.16884024078424742,0.06202456476179193,0.09267239968493034
0.003787878787878787,0.015349105668561402,0.003787878787878787,0.940962351356425,0.003787878787878787,0.005411255411255411,0.003787878787878787,0.023125772412242788
0.20741069458765585,0.18849325120905025,0.049546162632562,0.06002931767573621,0.17741639580283317,0.1640743739200571,0.06157127816228418,0.09145852600982118
0.003676470588235293,0.01489766138419195,0.003676470588235293,0.9426987527871186,0.003676470588235293,0.005252100840336134,0.003676470588235293,0.02244560263541212
0.2125898590760567,0.19278232507159787,0.04964921791394054,0.05946532954137436,0.17451058690013682,0.15980221167788933,0.05994686758023629,0.09125360223876797
0.003571428571428571,0.01447201391607218,0.003571428571428571,0.9443359312789151,0.003571428571428571,0.00510204081632653,0.003571428571428571,0.021804299702971774
0.2142053166310046,0.20009460533090515,0.04928208990961763,0.06068581211235115,0.1698625866151213,0.15631122363400754,0.060675796830580185,0.08888256893641258
0.0034722222222222216,0.014070013529514619,0.0034722222222222216,0.9458821554100564,0.0034722222222222216,0.00496031746031746,0.0034722222222222216,0.021198624711222556
0.22031313664267915,0.20572146561449292,0.04886199990858642,0.059154750053086944,0.16534007799575928,0.15236383995404842,0.059126432974417185,0.08911829685692972
0.0033783783783783777,0.013689742893581791,0.0033783783783783777,0.9473447998584332,0.0033783783783783777,0.004826254826254826,0.0033783783783783777,0.020625688908216543
0.22221725589776753,0.20959067037392962,0.04826921989995495,0.06009687750314869,0.16258143666160035,0.1502420903161055,0.057873774790322935,0.08912867455717048
0.0032894736842105257,0.013329486501645428,0.0032894736842105257,0.9487304630200535,0.0032894736842105257,0.004699248120300752,0.0032894736842105257,0.020082907621158212
0.22570527873822627,0.21366344000616094,0.04849389269730292,0.059025066832444184,0.1602704039509365,0.14815044050433795,0.05765015378495121,0.08704132348564007
0.0032051282051282046,0.012987704796475033,0.0032051282051282046,0.9500450665323598,0.0032051282051282046,0.004578754578754579,0.0032051282051282046,0.019567961271897746
0.23029330484282817,0.21716440226855885,0.048702074973035955,0.05874296165868827,0.15627730680231244,0.14705876142594976,0.05664205878869489,0.0851191292399317
0.0031249999999999993,0.012663012176563158,0.0031249999999999993,0.9512939398690508,0.0031249999999999993,0.004464285714285714,0.0031249999999999993,0.019078762240100303
0.23499169090102096,0.2222324140242141,0.047589934118193594,0.058043512820436426,0.1525961750446903,0.14364857114874693,0.055469269130142315,0.08542843281255541
0.0030487804878048777,0.012354158221037227,0.0030487804878048777,0.9524818925551715,0.0030487804878048777,0.004355400696864111,0.0030487804878048777,0.018613426575707612
0.24032600431426343,0.22711806265566742,0.04649055831068475,0.05777505895263329,0.14913596649120334,0.14095339056559592,0.054270700414510306,0.08393025829544162
0.0029761904761904756,0.012060011596726816,0.0029761904761904756,0.9536132760657626,0.0029761904761904756,0.004251700680272109,0.0029761904761904756,0.01817024975247648
0.2432086515823524,0.230182614664536,0.04560223220470715,0.057071617663064185,0.14766808021367223,0.1385458217912977,0.05450074266863769,0.0832202392117329
0.002906976744186046,0.011779546210756426,0.002906976744186046,0.9546920370874891,0.002906976744186046,0.004152823920265781,0.002906976744186046,0.017747685804744468
0.2495994977132814,0.23246253949813056,0.04480943552296302,0.05614133534736739,0.1459060979102758,0.1356475215111883,0.053332162888419354,0.08210140960837435
0.0028409090909090906,0.011511829251421052,0.0028409090909090906,0.9557217635173189,0.0028409090909090906,0.004058441558441559,0.0028409090909090906,0.01734432930918209
0.25376127431838313,0.23646607574476275,0.044011920387642074,0.05536915729345439,0.14287711517591814,0.13297791915795112,0.052768005291389176,0.08176853263049921
0.0027777777777777775,0.011256010823611697,0.0027777777777777775,0.9567057243280451,0.0027777777777777775,0.003968253968253968,0.0027777777777777775,0.016958899768978047
0.2566019742244334,0.2403173010387655,0.043284694270357554,0.054835508060750306,0.13994082216953077,0.13181636716887324,0.05260070562161852,0.0806026274456707
0.0027173913043478256,0.011011314936141877,0.0027173913043478256,0.9576469042339572,0.0027173913043478256,0.0038819875776397515,0.0027173913043478256,0.016590228034869828
0.258234721340171,0.24313475463331236,0.044049295949330505,0.054098470547385154,0.13762982280186395,0.131185298345071,0.052283593089625165,0.0793840432932409
0.002659574468085106,0.01077703163962822,0.002659574468085106,0.958548033931107,0.002659574468085106,0.003799392097264438,0.002659574468085106,0.016237244459659832
0.2614129649687059,0.24672644151073211,0.04336667558649825,0.0530166014300548,0.13482505571206846,0.12881249972823006,0.05130956272420922,0.08053019833950106
0.002604166666666666,0.010552510147135964,0.002604166666666666,0.9594116165575423,0.002604166666666666,0.0037202380952380955,0.002604166666666666,0.015898968533416918
0.26391119044697153,0.24969858658337393,0.04350903456821552,0.052051819918260446,0.13306194289910223,0.1273434302790047,0.050597878104843695,0.0798261172002279
0.002551020408163265,0.010337152797194415,0.002551020408163265,0.9602399509135108,0.002551020408163265,0.003644314868804665,0.002551020408163265,0.015574499787836982
0.26594921673457483,0.2517906204094505,0.04305676430944293,0.0523190053955026,0.1310470477822467,0.1265338527702552,0.050176202859999616,0.07912728973852756
0.0024999999999999996,0.010130409741250526,0.0024999999999999996,0.9610351518952406,0.0024999999999999996,0.0035714285714285718,0.0024999999999999996,0.015263009792080243
0.2689992840884854,0.25507999547774807,0.04285418154489013,0.05197717511050518,0.1290302101361871,0.12426480573838053,0.05014914861602715,0.07764519928777618
0.0024509803921568623,0.009931774256127967,0.0024509803921568623,0.9617991685247457,0.0024509803921568623,0.0035014005602240898,0.0024509803921568623,0.014963735090274747
0.2710821473083753,0.2562741488438011,0.04400976135348277,0.05131591844492357,0.12689109147066202,0.12309497442064908,0.049611098396967084,0.07772085976113895
0.0024038461538461535,0.009740778597356276,0.0024038461538461535,0.9625337998992698,0.0024038461538461535,0.003434065934065934,0.0024038461538461535,0.01467597095392331
0.27321951515498055,0.2589809243291337,0.043379839988265896,0.05111181437401693,0.12522531495439823,0.12218490984152448,0.04952662981169751,0.07637105154598262
0.0023584905660377353,0.00955699032193446,0.0023584905660377353,0.9632407093351326,0.0023584905660377353,0.0033692722371967657,0.0023584905660377353,0.014399065841585134
0.2768410729408505,0.26192361177647777,0.04379785347597044,0.05018672591829852,0.1229262552410483,0.12004852809918408,0.048710223509131206,0.07556572903903919
0.0023148148148148147,0.009380009019676413,0.0023148148148148147,0.9639214369400376,0.0023148148148148147,0.003306878306878307,0.0023148148148148147,0.014132416474148372
0.27810435357285107,0.264220708255143,0.04460052189187643,0.050056554932860285,0.1213421571141765,0.1184165571706526,0.04790385911264202,0.07535528794979822
0.0022727272727272726,0.009209463401136842,0.0022727272727272726,0.9645774108138551,0.0022727272727272726,0.003246753246753247,0.0022727272727272726,0.013875463447345675
0.28146523722509487,0.2656103865208689,0.0440083831500444,0.049257733606375094,0.11977571593865557,0.11715600958274737,0.04756071687997857,0.07516581709623525
0.002232142857142857,0.009045008697545112,0.002232142857142857,0.965209957049322,0.002232142857142857,0.0031887755102040817,0.002232142857142857,0.013627687314357359
0.28271880924856263,0.26841108514525086,0.043361974102890666,0.049425251151134865,0.11836456775388199,0.11519898231378554,0.04752258330848971,0.07499674697600359
0.0021929824561403508,0.008886324334430287,0.0021929824561403508,0.9658203086800357,0.0021929824561403508,0.0031328320802005015,0.0021929824561403508,0.013388605080772142
0.2849515126918847,0.27127423022263963,0.04296873122332313,0.04963531397636922,0.11660593250447478,0.11355566267629878,0.04685652287128272,0.07415209383372713
0.002155172413793103,0.008733111845905627,0.002155172413793103,0.9664096137027937,0.002155172413793103,0.003078817733990148,0.002155172413793103,0.013157767062138141
0.2868365683542296,0.2743875835185165,0.04269548514504343,0.049002589644781366,0.11531055487832699,0.11215890452995579,0.04640579380472514,0.07320252012442113
0.0021186440677966097,0.008585093001059769,0.0021186440677966097,0.9669789422841022,0.0021186440677966097,0.0030266343825665863,0.0021186440677966097,0.012934754061084951
0.28847759997280664,0.27697984224409533,0.04204883191038474,0.048302686442874214,0.11352762158548332,0.11133168291524959,0.04638627813418683,0.07294545679491929
0.002083333333333333,0.008442008117708772,0.002083333333333333,0.9675292932460339,0.002083333333333333,0.0029761904761904765,0.002083333333333333,0.012719174826733536
0.2901589494379464,0.27757413071606024,0.04257326907759301,0.04911197889052535,0.1125260064736696,0.10970225665807386,0.04652874985404513,0.07182465889208654
0.002049180327868852,0.008303614542008628,0.002049180327868852,0.9680615999141317,0.002049180327868852,0.002927400468384075,0.002049180327868852,0.012510663764000198
0.2914024848004699,0.27927287966999087,0.042373183699134245,0.049186141714100726,0.11175300304942978,0.10808668562539497,0.046192942788067196,0.07173267865341244
0.0020161290322580645,0.008169685275202038,0.0020161290322580645,0.9685767353993876,0.0020161290322580645,0.002880184331797235,0.0020161290322580645,0.012308878864580841
0.29375477230363695,0.2808119274474319,0.042638298455118365,0.04842397532654331,0.11030644744007147,0.10674722921409538,0.04573545664137858,0.07158189317172385
0.001984126984126984,0.00804000773115121,0.001984126984126984,0.9690755173771751,0.001984126984126984,0.0028344671201814063,0.001984126984126984,0.01211349983498432
0.2940584424806314,0.28130165114647365,0.04225825094446513,0.048825257496630935,0.10915839982472772,0.10693411068005226,0.045786574232912394,0.07167731319410636
0.0019531249999999996,0.0081403807212876,0.0019531249999999996,0.969332714307221,0.0019531249999999996,0.0027901785714285715,0.0019531249999999996,0.011924226400062687
0.29661736735969274,0.2831331969646179,0.04194014345231661,0.04889938770937995,0.1076228026104203,0.10532833336088344,0.04526735160606168,0.07119141693662748
0.0019230769230769232,0.009659723165854285,0.0019230769230769232,0.9681599396314466,0.0019230769230769232,0.002747252747252748,0.0019230769230769232,0.01174077676313865
0.297946080451229,0.28544880614420304,0.04218587208221413,0.04869250100414484,0.10648602205926452,0.10400576952086818,0.04471137727986584,0.07052357145821032
0.0018939393939393931,0.012213555622835765,0.0018939393939393931,0.9659421728896574,0.0018939393939393931,0.002705627705627705,0.0018939393939393931,0.011562886206121392
0.29996216903111184,0.28723254642928103,0.042763402262714356,0.04837740977434677,0.10519516675607041,0.10250105473176695,0.04432662245737643,0.0696416285573323
0.0018656716417910443,0.015565484678715883,0.0018656716417910443,0.962916277736576,0.0018656716417910443,0.0026652452025586353,0.0018656716417910443,0.011390305814985255
0.30131143114847786,0.2880837492582754,0.04237295079620918,0.04802593743011123,0.10388825675426247,0.1028488804236525,0.04476425597291596,0.0687045382160955
0.001838235294117647,0.019557456896434237,0.001838235294117647,0.9592407501892211,0.001838235294117647,0.002626050420168068,0.001838235294117647,0.011222801317706062
0.30243198397671633,0.2902758402876757,0.04221462443048048,0.048358549915035694,0.10283745310603049,0.10143800844365164,0.044489029955043065,0.06795450988536653
0.0018115942028985499,0.024078580353465343,0.0018115942028985499,0.9550268990932673,0.0018115942028985499,0.0025879917184265006,0.0018115942028985499,0.011060152023246549
0.30437146860586534,0.29130039701607074,0.04196945849644687,0.04775697492199358,0.10211082788948135,0.10085159494434029,0.04458685940614253,0.06705241871965924
0.0017857142857142857,0.0290490142809637,0.0017857142857142857,0.9503549583165299,0.0017857142857142857,0.002551020408163266,0.0017857142857142857,0.010902149851485889
0.30635955732799386,0.2922437104535001,0.041619591012894606,0.04760225554172597,0.10104536603605649,0.09960225151771293,0.044514929145422474,0.06701233896469373
0.001760563380281689,0.03440871234275266,0.001760563380281689,0.9452853451477339,0.001760563380281689,0.0025150905432595565,0.001760563380281689,0.010748598445126926
0.30825152489052904,0.2937292381578753,0.04179128766054436,0.04762347469450316,0.09993742990959373,0.09830949903496622,0.04403186480330351,0.06632568084868457
0.001736111111111111,0.040112876067388115,0.001736111111111111,0.9398632084023973,0.001736111111111111,0.0024801587301587305,0.001736111111111111,0.010599312355611281
0.3094463375845075,0.2939920802057147,0.04194924674811111,0.047336543876655826,0.09898816579137615,0.0975192319164903,0.04425289858563449,0.06651549529151003
0.0017123287671232887,0.046125534149184716,0.0017123287671232887,0.9341248505333434,0.0017123287671232887,0.00244618395303327,0.0017123287671232887,0.010454116295945379
0.3111059442212481,0.29456392066184867,0.04146786655046222,0.046832382431941995,0.09769825070041287,0.09732844055626687,0.04421099299634831,0.06679220188147096
0.0016891891891891908,0.05241832405783602,0.0016891891891891908,0.9280989473181713,0.0016891891891891908,0.0024131274131274157,0.0016891891891891908,0.010312844454108284
0.3130679793486173,0.2958254288108515,0.04113903162430466,0.046345863240815244,0.09652880571447388,0.09736608240499202,0.043765827031403345,0.0659609818245418
0.0016666666666666676,0.05897122345504777,0.0016666666666666676,0.9218058176359464,0.0016666666666666676,0.002380952380952383,0.0016666666666666676,0.010175339861386835
0.31514637510249593,0.2966251782940449,0.04095144782501902,0.04667944477565383,0.0953975988232354,0.09634339644302835,0.04351178118547165,0.06534477755105085
0.0016447368421052635,0.0657687913332869,0.0016447368421052635,0.9152611834275624,0.0016447368421052635,0.0023496240601503767,0.0016447368421052635,0.01004145381057911
0.31792700984422195,0.29687701505332625,0.040804568478230725,0.04635074062205122,0.09463110058549067,0.0954127476378852,0.04299525497951039,0.06500156279928351
0.0016233766233766248,0.0728029056099002,0.0016233766233766248,0.9084734331150939,0.0016233766233766248,0.0023191094619666075,0.0016233766233766248,0.009911045319532635
0.3201288089771352,0.2980908853293001,0.04048928647860228,0.04579970203129767,0.0934600971258243,0.09486617679439943,0.04281407993066458,0.0643509633327763
0.001602564102564104,0.08007129525417099,0.001602564102564104,0.9014450904102465,0.001602564102564104,0.002289377289377292,0.001602564102564104,0.009783980635948883
0.3229175234089871,0.29752345568324795,0.040693355525304384,0.045297540178459626,0.09314999777514438,0.09379192010580842,0.04252685085648764,0.06409935646656037
0.0015822784810126584,0.0875721364232341,0.0015822784810126584,0.8941782190428995,0.0015822784810126584,0.002260397830018084,0.0015822784810126584,0.009660132779797624
0.32514915130530714,0.2977421368831487,0.04032874863442732,0.045149777218343984,0.09218066990587734,0.09320537458070503,0.04258632918478954,0.06365781228740103
0.0015624999999999997,0.09530303254069067,0.0015624999999999997,0.8866754434821162,0.0015624999999999997,0.002232142857142857,0.0015624999999999997,0.009539381120050152
0.3267343906604268,0.2980643051910688,0.039968906486524,0.04503254840161997,0.09105089291070143,0.09282901559702418,0.04224307574502646,0.06407686500760844
0.0015432098765432098,0.10326930241480345,0.0015432098765432098,0.8789316615583392,0.0015432098765432098,0.0022045855379188716,0.0015432098765432098,0.009421610982765583
0.32957639027761215,0.29734602541165306,0.03992524523436538,0.04467128804926125,0.09030833122530438,0.09229188071839275,0.04191508600813772,0.06396575307527338
0.0015243902439024397,0.11147795181518055,0.0015243902439024397,0.8709400735729238,0.0015243902439024397,0.0021777003484320574,0.0015243902439024397,0.009306713287853813
0.3330149020106885,0.29696956866246865,0.03960636460699313,0.044347388791213485,0.08981065747614128,0.0911889842072174,0.041653071908750124,0.06340906233652739
0.0015060240963855427,0.11993951704560929,0.0015060240963855427,0.8626903393619154,0.0015060240963855427,0.00215146299483649,0.0015060240963855427,0.009194584212096535
0.3358385937104287,0.29645960885254474,0.03961338365888022,0.04388010470019211,0.08931813773509997,0.09032387442494308,0.04177620277709006,0.06279009414082105
0.001488095238095238,0.1286646587187969,0.001488095238095238,0.8541719851124479,0.001488095238095238,0.0021258503401360546,0.001488095238095238,0.00908512487623824
0.33896478876358327,0.29656038116668343,0.039252615851892464,0.043470633388546454,0.08847661976827902,0.08940665171292225,0.04180508359752948,0.06206322575056372
0.0014705882352941178,0.13758118027189362,0.0014705882352941178,0.8454573853966305,0.0014705882352941178,0.0021008403361344546,0.0014705882352941178,0.008978241054164851
0.3407297024571158,0.29573806189807217,0.0391401596923891,0.0433943308964506,0.08856451822055805,0.08929624704202498,0.04160025919642294,0.06153672059696629
0.001453488372093023,0.14648987025401866,0.001453488372093023,0.8367459213951041,0.001453488372093023,0.0020764119601328905,0.001453488372093023,0.008873842902372234
0.3433035965988543,0.2948625511268601,0.03911238795887506,0.04290890321643813,0.08829563334966212,0.08933182107511836,0.0411710036589585,0.06101410301523337
0.0014367816091954025,0.15521906769981572,0.0014367816091954025,0.8282094159993171,0.0014367816091954025,0.0020525451559934324,0.0014367816091954025,0.008771844708092096
0.34608458745732606,0.2932906734272105,0.03880069547616748,0.04281963456404077,0.08907353062309449,0.08838522180172577,0.0408829018801736,0.0606627547702614
0.0014204545454545457,0.16355951615450467,0.0014204545454545457,0.8200572802298652,0.0014204545454545457,0.00202922077922078,0.0014204545454545457,0.00867216465459105
0.3482157341849348,0.29134920393795377,0.03871204623430402,0.04242825874292735,0.09040280560964793,0.08790437492371728,0.040705950129489646,0.0602816262370251
0.0014044943820224725,0.17134337850047004,0.0014044943820224725,0.8124574988234013,0.0014044943820224725,0.0020064205457463896,0.0014044943820224725,0.008574724602292276
0.3503253140678815,0.28929367514261206,0.03867494278172344,0.042045911617374074,0.09191608363260421,0.08693973909487804,0.04084458376556047,0.059959749897366334
0.0013888888888888902,0.17847877362496894,0.0013888888888888902,0.8055020939508594,0.0013888888888888902,0.001984126984126986,0.0013888888888888902,0.008479449884489032
0.352768124507073,0.2872761637582637,0.038458882183661544,0.041603160009966576,0.0933347261899516,0.08611861802750634,0.040821066679455245,0.05961925864412191
0.001373626373626374,0.18489978181941652,0.001373626373626374,0.7992571201786555,0.001373626373626374,0.0019623233908948206,0.001373626373626374,0.008386269116527609
0.3544916775905161,0.28456042394719544,0.03839248524162752,0.04184561402413699,0.09476968918594222,0.08568213806308762,0.04081124164206614,0.05944673030542814
0.0013586956521739126,0.19060407723279074,0.0013586956521739126,0.7937250323522588,0.0013586956521739126,0.0019409937888198755,0.0013586956521739126,0.008295114017434912
0.357409808301414,0.2815503248351739,0.03802175152235556,0.041489657743201416,0.0970614880903422,0.08478218053939225,0.04057339945932062,0.059111389508799995
0.0013440860215053756,0.1956043555530756,0.0013440860215053756,0.7888932582299841,0.0013440860215053756,0.0019201228878648225,0.0013440860215053756,0.00820591924305389
0.35992918069234525,0.2785999521445435,0.03813442997091921,0.041218517808220355,0.098531712037846,0.08405011447775294,0.040483756868821254,0.059052335999551654
0.0013297872340425527,0.1999280673232197,0.0013297872340425527,0.7847344654621479,0.0013297872340425527,0.0018996960486322187,0.0013297872340425527,0.008118622229829914
0.36147219654005946,0.27628058705981556,0.03790046339043316,0.0407953599937978,0.10132351663286614,0.08332147727629392,0.04017833059624616,0.05872806851048778
0.0013157894736842105,0.20360384638387943,0.0013157894736842105,0.7812201334248001,0.0013157894736842105,0.001879699248120301,0.0013157894736842105,0.008033163048463287
0.3633340735207003,0.2738775628740268,0.037578902622250825,0.04059619435614933,0.102911172578758,0.08347050963683857,0.040082758462428356,0.05814882594884797
0.001302083333333333,0.20665755881318,0.001302083333333333,0.7783245045391591,0.001302083333333333,0.0018601190476190473,0.001302083333333333,0.007949484266708459
0.36501477822067163,0.2712713093059188,0.037872494994865745,0.04046315253521524,0.10492051238383189,0.08294484680201067,0.039818545298889736,0.057694360458596106
0.0012886597938144323,0.2091079093497657,0.0012886597938144323,0.7760289780917246,0.0012886597938144323,0.0018409425625920464,0.0012886597938144323,0.007867530820659914
0.3662927115433429,0.26860383720172537,0.037936130708259,0.04025364347494013,0.10735571772965251,0.08256878393338317,0.039522382132000836,0.05746679327669606
0.0012755102040816323,0.2109587102824439,0.0012755102040816323,0.7743298415729087,0.0012755102040816323,0.001822157434402332,0.0012755102040816323,0.00778724989391849
0.3678273641832571,0.2664525315301252,0.037869534057694734,0.04029525948565277,0.10894340091787141,0.08184450480813897,0.03939642286083066,0.0573709821564291
0.0012626262626262627,0.2121946834085072,0.0012626262626262627,0.773242468933155,0.0012626262626262627,0.001803751803751804,0.0012626262626262627,0.007708590804080932
0.3698178991302082,0.2638531533342774,0.037707832051294396,0.04006396125777979,0.1109529703300532,0.08141475006540484,0.039087144818321276,0.057102289012660734
0.0012499999999999996,0.212776542854295,0.0012499999999999996,0.7728062379639505,0.0012499999999999996,0.0017857142857142854,0.0012499999999999996,0.00763150489604012
0.37162830905821836,0.26152329764262305,0.037508436156836536,0.039736994801833195,0.11296709096247672,0.08065150192148764,0.03936818368868741,0.05661618576783728
0.0012376237623762376,0.2126375943433445,0.0012376237623762376,0.7730879312192749,0.0012376237623762376,0.0017680339462517684,0.0012376237623762376,0.007555945441623883
0.3732267958730764,0.25937132706506844,0.03718127905557231,0.03948432612874762,0.11435599658236018,0.08015011758149802,0.040003798381720405,0.05622635933195657
0.0012254901960784314,0.21166666898578193,0.0012254901960784314,0.7741988024046549,0.0012254901960784314,0.001750700280112045,0.0012254901960784314,0.007481867545137375
0.37501237024193457,0.2570105249708106,0.03688207668107286,0.039253187641554256,0.11639021793767462,0.07952960218481889,0.03994338176296875,0.05597863857916544
0.0012135922330097084,0.20964701751110523,0.0012135922330097084,0.7763556823124341,0.0012135922330097084,0.0017337031900138695,0.0012135922330097084,0.007409228054407884
0.3763456668692303,0.25494864181602667,0.03672102743413033,0.039270183812159416,0.1179996298280484,0.07943671254089617,0.03975265577286242,0.05552548192664635
0.0012019230769230766,0.20763118080426768,0.0012019230769230766,0.7785061084440453,0.0012019230769230766,0.0017170329670329668,0.0012019230769230766,0.007337985476961654
0.378243169437315,0.25275511206301016,0.03650579027828134,0.03923234362908265,0.11982257667308567,0.07895002643691032,0.03940266813075801,0.0550883133515569
0.0011904761904761901,0.2056537409870842,0.0011904761904761901,0.7806155740779116,0.0011904761904761901,0.0017006802721088435,0.0011904761904761901,0.00726809990099059
0.3798935523367181,0.25056336542730856,0.036543801666488,0.03932321941100592,0.1207643789263336,0.07863799746985083,0.03904549537923959,0.055228189383055556
0.0011792452830188677,0.20371361135513055,0.0011792452830188677,0.782685238473403,0.0011792452830188677,0.0016846361185983826,0.0011792452830188677,0.007199532920792566
0.38208869678365276,0.24832577214813628,0.03634084715333067,0.039303668050018434,0.12208702720221741,0.07824428886785156,0.03882937063702907,0.05478032915776371
0.0011682242990654203,0.2018097458284471,0.0011682242990654203,0.7847162175530907,0.0011682242990654203,0.0016688918558077435,0.0011682242990654203,0.0071322475663926355
0.3837626292238656,0.24628537002207165,0.036505775976361655,0.03895850916683415,0.12267061316130151,0.07837079234704501,0.038979822648623895,0.054466487453896546
0.0011574074074074071,0.1999411370707763,0.0011574074074074071,0.7867095859090807,0.0011574074074074071,0.0016534391534391533,0.0011574074074074071,0.007066208237074185
0.386462818728173,0.24418054001729453,0.0362923697952329,0.0388354393903604,0.12386150646016619,0.07765910879813524,0.038627188586832076,0.05408102822380552
0.0011467889908256877,0.1981068147123288,0.0011467889908256877,0.7886663786989057,0.0011467889908256877,0.00163826998689384,0.0011467889908256877,0.007001380638568918
0.3889048324998026,0.2419896675392715,0.03605146809998983,0.03868559645840635,0.12479701767303521,0.07706900767287045,0.0388121932285022,0.05369021682812175
0.001136363636363636,0.19630584366948944,0.001136363636363636,0.7905875934380064,0.001136363636363636,0.0016233766233766233,0.001136363636363636,0.006937731723672837
0.39096071917566505,0.24010819136142555,0.0359621280708249,0.03838480082853769,0.12559446889231346,0.07656372003043828,0.039108051131718335,0.05331792050907664
0.001126126126126126,0.19453732255534992,0.001126126126126126,0.7924741916953217,0.001126126126126126,0.0016087516087516086,0.001126126126126126,0.00687522963607218
0.3929609182511098,0.23847602660361028,0.03578148369716215,0.03822560693775652,0.12610937043656292,0.07635799312072995,0.039085958380291316,0.05300264257277705
0.0011160714285714283,0.19280038217539144,0.0011160714285714283,0.7943271006980421,0.0011160714285714283,0.0015943877551020406,0.0011160714285714283,0.006813843657178679
0.39408966835118664,0.23706083400894162,0.0354919687647877,0.03815430691061817,0.12708850974650435,0.07601652384171782,0.039123383498306165,0.05297480487793755
0.0011061946902654865,0.19109418410304282,0.0011061946902654865,0.7961472148511568,0.0011061946902654865,0.0015802781289506952,0.0011061946902654865,0.006753544155787717
0.39711317653090605,0.2354368921730086,0.03542862263975768,0.03784123749133221,0.1269742181410203,0.07542131436593981,0.0389551808517314,0.052829357806303934
0.0010964912280701752,0.18941791933020913,0.0010964912280701752,0.7979353971770238,0.0010964912280701752,0.0015664160401002505,0.0010964912280701752,0.00669430254038607
0.3989861806443999,0.2339290687068188,0.03549587801029557,0.03755557953305207,0.12743191407074522,0.07512434529874683,0.03879301175702856,0.05268402197891313
0.0010869565217391302,0.1877708069882073,0.0010869565217391302,0.7996924806798323,0.0010869565217391302,0.0015527950310559005,0.0010869565217391302,0.006636091213947931
0.40126811984092225,0.2321066391639019,0.03521778749076127,0.03768525444840717,0.12806916679838248,0.07459235238065882,0.03863586353367536,0.052424816343290714
0.0010775862068965515,0.1861520931348607,0.0010775862068965515,0.801419269639489,0.0010775862068965515,0.0015394088669950737,0.0010775862068965515,0.00657888353106907
0.4038300657682408,0.23104350058222625,0.03499860341125016,0.03744223076411257,0.12793077534403194,0.07422996357935828,0.03847459261685695,0.052050267933923096
0.001068376068376068,0.18456104960379352,0.001068376068376068,0.8031165408391514,0.001068376068376068,0.0015262515262515263,0.001068376068376068,0.006522653757299248
0.4058485346031482,0.22922817314553665,0.03476872488268956,0.03729869660069813,0.12799029519788754,0.07402076937606857,0.0387983254126062,0.05204648078136535
0.0010593220338983049,0.18299697291223593,0.0010593220338983049,0.8047850447303451,0.0010593220338983049,0.001513317191283293,0.0010593220338983049,0.006467377030542475
0.40709969004230173,0.22807280024472776,0.034523396974950035,0.037032475055576705,0.12802455080240732,0.07398171880796402,0.038887501468521234,0.05237786660355125
0.0010504201680672266,0.1814591832238978,0.0010504201680672266,0.8064255065393338,0.0010504201680672266,0.0015006002400960383,0.0010504201680672266,0.006413029324403462
0.4099436940173948,0.22756014390216667,0.03435487465545336,0.03673195765824352,0.1269889938148767,0.07368487995073936,0.038697653816307145,0.05203780218481859
0.0010416666666666664,0.17994702336369867,0.0010416666666666664,0.8080386273181727,0.0010416666666666664,0.001488095238095238,0.0010416666666666664,0.006359587413366767
0.4117905333389763,0.22655536734183937,0.03443982602971158,0.03680949958630977,0.12681036556188008,0.07335885066474106,0.03843705182155271,0.0517985056549892
0.0010330578512396692,0.17845985788135404,0.0010330578512396692,0.8096250849436423,0.0010330578512396692,0.0014757969303423849,0.0010330578512396692,0.006307028839702578
0.4139994807625591,0.2255732104516695,0.03450565003214488,0.036651020408904604,0.1262634963985488,0.07286486942999118,0.038605890943122556,0.05153638157305922
0.001024590163934426,0.1769970721610151,0.001024590163934426,0.811185535067055,0.001024590163934426,0.0014637002341920374,0.001024590163934426,0.006255331882000099
0.41683339995167523,0.22454200310744446,0.034348466445235634,0.03639936551364101,0.1256180963996065,0.07250183013425428,0.03856684259815077,0.05118999584999223
0.0010162601626016257,0.17555807157434017,0.0010162601626016257,0.8127206120177294,0.0010162601626016257,0.0014518002322880372,0.0010162601626016257,0.0062044755252358705
