0.125,0.125,0.125,0.125,0.125,0.125,0.125,0.125
0.125,0.125,0.125,0.125,0.125,0.125,0.125,0.125
0.1305973990937053,0.09539864191025645,0.08741574387272424,0.09323595982817817,0.06539202424655552,0.13785262079720262,0.13466112210748424,0.2554464881438935
0.06250000000000001,0.18750000000000003,0.06250000000000001,0.2708333333333333,0.06250000000000001,0.10416666666666664,0.06250000000000001,0.18750000000000003
0.09116237498623343,0.06507938552826655,0.08249982077017147,0.13412702036938004,0.05746327423524069,0.1640682751585201,0.09445124103821617,0.31114860791397153
0.041666666666666664,0.20888946205086908,0.041666666666666664,0.3679156238892995,0.041666666666666664,0.06944444444444442,0.041666666666666664,0.1870838029487203
0.08642729868929647,0.07162856440539059,0.07149909066468857,0.16199120252960844,0.0469487156227778,0.15365318028525843,0.08615007292066057,0.3217018748823191
0.031249999999999993,0.21831185723401475,0.031249999999999993,0.4480056691662533,0.031249999999999993,0.0520833333333333,0.031249999999999993,0.15659914026639862
0.07660435246859118,0.1100023900401224,0.06390091527408175,0.18685675909408864,0.045018658340902185,0.1542200797145188,0.06972059809219358,0.2936762469755015
0.025000000000000005,0.223653508588766,0.025000000000000005,0.5094005125314485,0.025000000000000005,0.04166666666666666,0.025000000000000005,0.12527931221311894
0.06836854672291054,0.14325528029659818,0.062223762268551926,0.20097756822394303,0.04405629444954708,0.15041022307461877,0.07409136623979219,0.2566169587240385
0.020833333333333343,0.2300468628443052,0.020833333333333343,0.5474981547558735,0.020833333333333343,0.034722222222222224,0.020833333333333343,0.10439942684426581
0.06718898939717474,0.18572231238012116,0.05721601680011777,0.21513948544115125,0.045525059152181205,0.14330623284940833,0.06576171989500261,0.22014018408484315
0.017857142857142863,0.24064500734049774,0.017857142857142863,0.5686792934596554,0.017857142857142863,0.029761904761904764,0.017857142857142863,0.08948522300937069
0.0636048397082961,0.2212191926173149,0.05167210475714718,0.2274544800075445,0.04137750025482594,0.13720835837592352,0.057789811763911805,0.19967371251503613
0.01562500000000001,0.2540714315538543,0.01562500000000001,0.5790873316462797,0.01562500000000001,0.02604166666666667,0.01562500000000001,0.07829957013319937
0.05693175145426255,0.25950391391679273,0.0482217907884781,0.2367291934716683,0.036939538568703675,0.12750261449028832,0.055421429212947126,0.17874976809685933
0.013888888888888895,0.2698968025339304,0.013888888888888895,0.5817998758661885,0.013888888888888895,0.02314814814814815,0.013888888888888895,0.0695996178961772
0.05297575903822532,0.2914902858891609,0.048625294058759004,0.2330772652504607,0.03486497748441799,0.12168717521342327,0.055364099395232444,0.16191514367032048
0.01250000000000001,0.2877320288387205,0.01250000000000001,0.5787949817213865,0.01250000000000001,0.02083333333333334,0.01250000000000001,0.0626396561065595
0.050763256035925505,0.3265600821322076,0.047359807605605764,0.22689970752045044,0.03265940057711543,0.11540090318147109,0.05112299843829634,0.149233844508928
0.011363636363636367,0.30718634870664996,0.011363636363636367,0.5714745699843565,0.011363636363636367,0.01893939393939394,0.011363636363636367,0.05694514191505407
0.04939606278625097,0.36082431266828574,0.045047133799608965,0.21937804500825675,0.03263610924798872,0.106314331536073,0.047626448276028334,0.1387775566775077
0.01041666666666667,0.32757963436695525,0.01041666666666667,0.5611928744331339,0.01041666666666667,0.01736111111111111,0.01041666666666667,0.0521997134221329
0.046368447096409714,0.3952525909532178,0.04258331728125207,0.2049697023925295,0.03096989627096896,0.1035347263621782,0.04805382794550119,0.12826749169794244
0.009615384615384618,0.3484865848520764,0.009615384615384618,0.5488418848095444,0.009615384615384618,0.016025641025641024,0.009615384615384618,0.0481843508511996
0.04345615617649543,0.42904307684020515,0.04042359774650552,0.19131890278734665,0.02952191372425995,0.10129366084176002,0.04545341871537594,0.11948927316805133
0.008928571428571432,0.3696140215015281,0.008928571428571432,0.5350481288985485,0.008928571428571432,0.01488095238095238,0.008928571428571432,0.04474261150468534
0.04097371670700797,0.45630715777849146,0.03773704505852194,0.17884438917338172,0.028347810031732756,0.10058626344058409,0.04372746904650254,0.11347614876377743
0.008333333333333335,0.39117508271133977,0.008333333333333335,0.5198429243287317,0.008333333333333335,0.013888888888888886,0.008333333333333335,0.041759770737706314
0.03922816201480438,0.4790752741618839,0.035838834114498494,0.1683427679937775,0.027097987886148173,0.1009138110964955,0.041216264408187084,0.108286898324205
0.007812500000000002,0.41305937845459917,0.007812500000000002,0.5035200031454679,0.007812500000000002,0.013020833333333332,0.007812500000000002,0.03914978506659967
0.038293826860588784,0.4953379050725728,0.03529821150083404,0.159165424298917,0.026927166440950032,0.10233067745509261,0.03952730834541412,0.10311948002563068
0.007352941176470592,0.4347412003768963,0.007352941176470592,0.48674527642316695,0.007352941176470592,0.012254901960784315,0.007352941176470592,0.036846856533270286
0.036903237648043076,0.5077134855517769,0.03480273810076998,0.15116819874287316,0.026003731946727147,0.10812918918014734,0.037730238994418734,0.09754917983524349
0.0069444444444444475,0.45561943770660956,0.0069444444444444475,0.4702289014934502,0.0069444444444444475,0.011574074074074075,0.0069444444444444475,0.0347998089480886
0.03548558398808757,0.516399604443098,0.033153041431564625,0.14457951956334228,0.02555111006260855,0.11579461549587872,0.036146985112168094,0.09288953990325222
0.006578947368421055,0.47520595535766985,0.006578947368421055,0.45454510283186045,0.006578947368421055,0.010964912280701754,0.006578947368421055,0.03296824005608394
0.033734365561001005,0.5219129134970694,0.03217609680972602,0.13845815059804462,0.024373474873566288,0.12525631211703597,0.03500294158335414,0.08908574496020247
0.006250000000000002,0.49299037353520525,0.006250000000000002,0.4402731317448485,0.006250000000000002,0.010416666666666666,0.006250000000000002,0.03131982805327974
0.0325341674390635,0.525560691125138,0.031367880215116245,0.13256260811501572,0.024324408736462574,0.135429263833126,0.03336836751369972,0.08485261302237815
0.005952380952380955,0.5086067061448017,0.005952380952380955,0.4278347274552495,0.005952380952380955,0.00992063492063492,0.005952380952380955,0.029828407669790228
0.031224299393848874,0.5277619788192566,0.0306551104352174,0.12678308608189723,0.023255464873838616,0.14670451101040033,0.03211053057076921,0.08150501881477178
0.005681818181818184,0.5219259561058404,0.005681818181818184,0.4174045032396631,0.005681818181818184,0.00946969696969697,0.005681818181818184,0.028472570957527036
0.0298709510423817,0.52812556009947,0.030358696249347727,0.1214436293996479,0.022317505087967034,0.1585211114388067,0.030776393117921547,0.07858615356445753
0.005434782608695654,0.5328709321448059,0.005434782608695654,0.4090973333161105,0.005434782608695654,0.009057971014492754,0.005434782608695654,0.02723463308980847
0.028637788551290604,0.5268155945686109,0.02929319922775984,0.11708327934371952,0.02163306294924485,0.17109058076164313,0.029708593289143242,0.075737901308588
0.005208333333333335,0.5415091022236718,0.005208333333333335,0.40287715217637304,0.005208333333333335,0.008680555555555554,0.005208333333333335,0.02609985671106645
0.028201186389467055,0.5250307250273942,0.028992889804912107,0.1125229532290937,0.021207775711445435,0.18192348518042284,0.029282203738081505,0.07283878091918329
0.005000000000000002,0.5480484148306638,0.005000000000000002,0.3985623893933792,0.005000000000000002,0.008333333333333333,0.005000000000000002,0.02505586244262379
0.02735492197401832,0.5227450642942743,0.028206761551425034,0.10838171606643529,0.02082263138668047,0.19371425923451058,0.02830970664381869,0.07046493884883742
0.004807692307692309,0.5527577345180595,0.004807692307692309,0.3959065003127511,0.004807692307692309,0.008012820512820512,0.004807692307692309,0.0240921754255998
0.026570625852656796,0.5214280600867737,0.02768548926215366,0.10446205452149501,0.020198041737474772,0.2043842575004434,0.02734855721454129,0.06792291382446153
0.004629629629629631,0.5558935030412347,0.004629629629629631,0.39467205642547176,0.004629629629629631,0.007716049382716049,0.004629629629629631,0.023199872632059065
0.025981347580979787,0.5192010853527272,0.02707287146480754,0.10094956879300536,0.019513998162489592,0.2144682611196993,0.026947031811420996,0.06586583571487009
0.004464285714285716,0.5576780256772604,0.004464285714285716,0.39465304952277797,0.004464285714285716,0.00744047619047619,0.004464285714285716,0.02237130575234267
0.025152042163410177,0.5182597137778169,0.026157984730085845,0.09784504089300075,0.018945359032463333,0.22386083816079713,0.026027337790652087,0.06375168345177373
0.004310344827586208,0.5583292492171475,0.004310344827586208,0.3956455820104756,0.004310344827586208,0.0071839080459770105,0.004310344827586208,0.02159988141605499
0.024732995261810272,0.5168332572529165,0.0255638495734758,0.09476738190963394,0.019042406703537258,0.23175965606341842,0.025460690148746534,0.06183976308646129
0.0041666666666666675,0.5580489983103155,0.0041666666666666675,0.3974600052097202,0.0041666666666666675,0.006944444444444443,0.0041666666666666675,0.020879885368853157
0.024611298788915555,0.515914446949901,0.025274668769156263,0.09212355583569908,0.018510571811193068,0.2387186136978832,0.024917161975933015,0.059929682171318784
0.004032258064516128,0.5570449661553434,0.004032258064516128,0.3998992307995299,0.004032258064516128,0.0067204301075268775,0.004032258064516128,0.020206340679535306
0.024076119049979184,0.5158537383370349,0.02468947770488881,0.08972668619789652,0.018314557245188014,0.24463641891860483,0.02457451955972401,0.0581284829866836
0.003906249999999999,0.555493076856122,0.003906249999999999,0.4027966139439115,0.003906249999999999,0.006510416666666663,0.003906249999999999,0.019574892533299828
0.023683502382193952,0.5167756185563185,0.023980660145657563,0.08721454892109837,0.018352303679729107,0.24952820765827216,0.02383963971467484,0.05662551894205533
0.0037878787878787862,0.5535495658570171,0.0037878787878787862,0.40600407370665154,0.0037878787878787862,0.006313131313131308,0.0037878787878787862,0.018981713971684678
0.0234161825121259,0.5180262045968743,0.023631190907091742,0.08488595639651833,0.017938863727236375,0.2531750458495588,0.023612244007342853,0.05531431200325163
0.003676470588235291,0.5513729618191697,0.003676470588235291,0.4093702765808616,0.003676470588235291,0.00612745098039215,0.003676470588235291,0.01842342826663512
0.023002173320444592,0.5194352094499253,0.02360313854999395,0.08283289862163623,0.01761860349272237,0.2559859013692435,0.023148949672567986,0.05437312552346604
0.003571428571428567,0.5491250330878007,0.003571428571428567,0.41273982707222984,0.003571428571428567,0.005952380952380943,0.003571428571428567,0.01789704460187411
0.022774733800712682,0.5222013960033505,0.02318167333358609,0.0808656815060081,0.017182179310586458,0.2580311605067507,0.022593447092661253,0.05316972844634418
0.003472222222222218,0.5469181511115904,0.003472222222222218,0.4160060184884393,0.003472222222222218,0.005787037037037028,0.003472222222222218,0.017399904474044273
0.022222859409960813,0.5257606617321177,0.022563960792842883,0.07896340154891372,0.016863475092350214,0.2596454562837065,0.022025936487700622,0.051954248652407574
0.003378378378378376,0.5448961656126867,0.003378378378378376,0.41903005345761235,0.003378378378378376,0.005630630630630624,0.003378378378378376,0.016929636785556597
0.021869101228245605,0.5299486284820039,0.022185680617224243,0.07691665547468426,0.016652061829389397,0.25997606257821176,0.02174267979046278,0.050709129999777836
0.003289473684210524,0.5431752842109409,0.003289473684210524,0.42170024488382407,0.003289473684210524,0.005482456140350871,0.003289473684210524,0.016484120028041952
0.021331879316886255,0.5344717212265895,0.02164046435263728,0.07541577618900579,0.016495297293300577,0.259622598762958,0.0214952865605686,0.04952697629805398
0.003205128205128203,0.5418674048431638,0.003205128205128203,0.4239087517107097,0.003205128205128203,0.005341880341880336,0.003205128205128203,0.016061450283733184
0.021046579422045072,0.5394304894028339,0.021427358830649036,0.0735902129620516,0.01639754729765318,0.2585758605524811,0.021050371471917323,0.04848158006036889
0.0031249999999999976,0.5410699571455019,0.0031249999999999976,0.4255617954945247,0.0031249999999999976,0.005208333333333328,0.0031249999999999976,0.015659914026639854
0.02064199595396614,0.5449111315659197,0.0210821556961246,0.0720598453734746,0.016428162108479215,0.25670813587284935,0.02079719627720933,0.047371377151977125
0.003048780487804876,0.5408430455513463,0.003048780487804876,0.426602566780387,0.003048780487804876,0.005081300813008125,0.003048780487804876,0.015277964904038882
0.020221622244970587,0.5502045116231707,0.020925506809999935,0.07046329890298807,0.016583846817773588,0.254585925290832,0.02069332999682233,0.046321958313442796
0.0029761904761904743,0.541236442701004,0.0029761904761904743,0.4269842740990213,0.0029761904761904743,0.004960317460317455,0.0029761904761904743,0.0149142038348951
0.020032554286389562,0.5558428425524528,0.020675238158763504,0.06888375332442064,0.016309619728378296,0.2523868544203116,0.020375220699684227,0.045493916829599294
0.0029069767441860447,0.5422392000713566,0.0029069767441860447,0.42672056982634254,0.0029069767441860447,0.004844961240310072,0.0029069767441860447,0.014567361885246377
0.019680011202715855,0.5610170624473318,0.020298410928722845,0.06751458591315435,0.01608417515822339,0.25022638385346296,0.02020184701996069,0.04497752347642817
0.0028409090909090893,0.5438551445592652,0.0028409090909090893,0.4258100851134862,0.0028409090909090893,0.00473484848484848,0.0028409090909090893,0.014236285478763504
0.01930921353811377,0.566465715804517,0.019895305530822426,0.06614278077127217,0.015885160241218242,0.24813906378582753,0.01997935467386728,0.044183405654361664
0.002777777777777776,0.5460825686930441,0.002777777777777776,0.4242567669869796,0.002777777777777776,0.004629629629629625,0.002777777777777776,0.013919923579235428
0.019400077274500244,0.5713987940261048,0.019471102348850414,0.06484591638363284,0.015721640243057656,0.24604658130932952,0.019814627204752445,0.043301261209771985
0.0027173913043478243,0.5489092081248358,0.0027173913043478243,0.4220749246056222,0.0027173913043478243,0.004528985507246373,0.0027173913043478243,0.013617316544904222
0.019108474079197788,0.5761990793986863,0.019161212561113822,0.06360362947042411,0.015410141132270358,0.24414972489566855,0.01975597694571952,0.04261176151691945
0.0026595744680851046,0.5522986195905869,0.0026595744680851046,0.41930287201794636,0.0026595744680851046,0.004432624113475173,0.0026595744680851046,0.01332758640565094
0.018825480894470552,0.5807768798159268,0.01888564246507121,0.06244481282073378,0.015113564072682188,0.2426537225386751,0.019388149334273422,0.04191174805816703
0.0026041666666666652,0.5561775904802577,0.0026041666666666652,0.41601553671976443,0.0026041666666666652,0.004340277777777774,0.0026041666666666652,0.013049928355533213
0.01866283033403004,0.5844283507022918,0.01860843909189506,0.06135295647775064,0.014853376604047928,0.2418673949374308,0.01916950795741566,0.041057143895137954
0.002551020408163264,0.5604600651028434,0.002551020408163264,0.41230054929717835,0.002551020408163264,0.004251700680272105,0.002551020408163264,0.012783603287052943
0.01838383459942497,0.5876412042366733,0.018331384457118936,0.060127224867195773,0.014643881520715529,0.2415809979149287,0.019051099116177223,0.04024037328776542
0.0024999999999999988,0.5650358786610337,0.0024999999999999988,0.4082695234509876,0.0024999999999999988,0.004166666666666663,0.0024999999999999988,0.012527931221311885
0.01804866024854109,0.5903910069205307,0.018011325326698496,0.059080930865928714,0.014368219138697586,0.24185218974114797,0.018704605672304565,0.039543062086150854
0.0024509803921568614,0.5697882693329004,0.0024509803921568614,0.4040405562671205,0.0024509803921568614,0.004084967320261434,0.0024509803921568614,0.012282285511090084
0.01780168873421781,0.592118401016499,0.017712148872274805,0.058039628450209,0.014242889051694723,0.24270410848777224,0.018595386758164738,0.03878574862916756
0.0024038461538461527,0.5745746159132379,0.0024038461538461527,0.39975750150216716,0.0024038461538461527,0.004006410256410253,0.0024038461538461527,0.012046087712799889
0.01748695378698722,0.593421375979111,0.017438655666575632,0.05722300490290844,0.014082287028987596,0.24384302431880817,0.01840525829077785,0.03809944002584381
0.0023584905660377345,0.5792480213063365,0.0023584905660377345,0.39556839578047603,0.0023584905660377345,0.00393081761006289,0.0023584905660377345,0.011818803038973476
0.01733113484157278,0.5937874088193514,0.017277997218626225,0.05635938320646346,0.013894466719247434,0.24548768597293572,0.01818602599727613,0.03767589722452697
0.0023148148148148134,0.5836633237528014,0.0023148148148148134,0.39161945598055165,0.0023148148148148134,0.0038580246913580214,0.0023148148148148134,0.011599936316029524
0.01702434986820286,0.5943234551644331,0.016986124319323778,0.055367970755233205,0.01370508153713271,0.24751383381272724,0.018000684289468404,0.037078500253478704
0.0022727272727272717,0.5877101448576432,0.0022727272727272717,0.38802203888055803,0.0022727272727272717,0.0037878787878787845,0.0022727272727272717,0.011389028383010804
0.016812037076227748,0.5942410113206311,0.016742151463979792,0.05450396214928429,0.013575958953215336,0.24997543797680627,0.017709954586744854,0.036439486473110426
0.002232142857142857,0.5913128426214401,0.002232142857142857,0.38485269497857894,0.002232142857142857,0.0037202380952380937,0.002232142857142857,0.011185652876171332
0.016647744107156474,0.5937524892655903,0.016487600155337165,0.05363257031115769,0.01335424511165166,0.2527056042469469,0.017542162223792238,0.03587758457836761
0.0021929824561403508,0.5944302345937122,0.0021929824561403508,0.3821534514694643,0.0021929824561403508,0.0036549707602339166,0.0021929824561403508,0.010989413352027976
0.016437493296569114,0.5930439898011897,0.01621761991990302,0.052797796947786885,0.013244712126312484,0.2556051790050079,0.017266337682792444,0.03538687122043854
0.0021551724137931034,0.5970436172072557,0.0021551724137931034,0.3799437984065557,0.0021551724137931034,0.0035919540229885044,0.0021551724137931034,0.010799940708027493
0.016173539725150204,0.5921984658360183,0.015960250488283274,0.05199818616402295,0.01302715970267248,0.2587445937892429,0.017089061684931926,0.034808742609677874
0.00211864406779661,0.5991496000885558,0.00211864406779661,0.3782278593284114,0.00211864406779661,0.0035310734463276823,0.00211864406779661,0.010616890865518553
0.01594288534700939,0.5910372262879133,0.01570228239637556,0.05118547577590174,0.012948295871652318,0.26197944558028113,0.016844727591983716,0.03435966114888276
0.0020833333333333324,0.6007674042728112,0.0020833333333333324,0.37698709748720655,0.0020833333333333324,0.0034722222222222194,0.0020833333333333324,0.010439942684426572
0.01582650913909017,0.5898229442016053,0.015476261238673428,0.050390767424807255,0.012804042696172586,0.26499690226839134,0.016692255519430068,0.03399031751182977
0.0020491803278688504,0.6019236949862412,0.0020491803278688504,0.3761954870727927,0.0020491803278688504,0.003415300546448083,0.0020491803278688504,0.010268796083042524
0.0155880111905796,0.5887700544063171,0.01529987886640435,0.04963916507723864,0.012722714091011084,0.26796667974979504,0.016432523710673122,0.03358097290798086
0.002016129032258062,0.6026535442548904,0.002016129032258062,0.3758185542225461,0.002016129032258062,0.003360215053763435,0.002016129032258062,0.010103170339767641
0.01538611372367459,0.5876952388979321,0.015062368952533083,0.04892327538180925,0.012621659554846206,0.2709260196403411,0.016257657544447784,0.033127666304415916
0.0019841269841269823,0.6029899186387683,0.0019841269841269823,0.37582389256124865,0.0019841269841269823,0.003306878306878303,0.0019841269841269823,0.009942802556596731
0.015162025368821972,0.5869783917842385,0.0148675526120421,0.048184267952341035,0.01250511845355061,0.2736483020648345,0.01602389960617538,0.032630442157996147
0.0019531249999999983,0.6029737872400248,0.0019531249999999983,0.3761710581599918,0.0019531249999999983,0.003255208333333329,0.0019531249999999983,0.009787446266649907
0.01503460361710156,0.5859904441789004,0.014688691708344246,0.04759577953132049,0.012381903565958485,0.27623047941435724,0.015837666890557267,0.032240431093460066
0.0019230769230769219,0.6026454768179627,0.0019230769230769219,0.3768202171143616,0.0019230769230769219,0.003205128205128202,0.0019230769230769219,0.009636870170239911
0.01486090432035786,0.5853955489974572,0.01453244030593733,0.046982398810988396,0.012235908553311853,0.2786177538094786,0.015618058202495925,0.031756986999972675
0.0018939393939393927,0.6020423071590092,0.0018939393939393927,0.37773451262282537,0.0018939393939393927,0.0031565656565656535,0.0018939393939393927,0.009490856985842335
0.014707424239535354,0.5848684749955153,0.014400927542246708,0.046326497866059385,0.012100985812303858,0.28077594385358623,0.015430463336387677,0.03138928235436554
0.0018656716417910437,0.6012115267998774,0.0018656716417910437,0.3788671314926759,0.0018656716417910437,0.003109452736318405,0.0018656716417910437,0.009349202403964092
0.014496875056468909,0.584683352486567,0.014331542991871749,0.04567426340178007,0.012047224171974945,0.28251163515483013,0.015223195986094036,0.031031910750412946
0.0018382352941176466,0.6002031284784999,0.0018382352941176466,0.38016849072151604,0.0018382352941176466,0.0030637254901960767,0.0018382352941176466,0.009211714133317566
0.014330182196192061,0.5845631329967382,0.014308353651386817,0.045071297675508167,0.011984857746550502,0.2840582113973896,0.015009425929158287,0.030674538407076162
0.0018115942028985503,0.5990636620379802,0.0018115942028985503,0.38159242644899194,0.0018115942028985503,0.0030193236714975828,0.0018115942028985503,0.009078211029936152
0.014189185042584934,0.5847498484626888,0.014132337225855465,0.04446683719085682,0.011873166989727577,0.2853594655631798,0.014905938480549736,0.030323221044556987
0.001785714285714286,0.59783782051499,0.001785714285714286,0.3830946095650254,0.001785714285714286,0.0029761904761904756,0.001785714285714286,0.008948522300937067
0.014054958249965385,0.5850210566796519,0.014095822920486315,0.04387890312132501,0.011857574520780616,0.28629000718424275,0.014895947996219966,0.02990572932732811
0.0017605633802816904,0.5965726239367773,0.0017605633802816904,0.38462836346605467,0.0017605633802816904,0.002934272300469483,0.0017605633802816904,0.008822486775571757
0.013940715306461968,0.5855764135766799,0.014006290738982657,0.04327570320493376,0.011745355546606153,0.2870152076980645,0.014708440164978529,0.029731873763292553
0.001736111111111112,0.5953095305283124,0.001736111111111112,0.38615255427170264,0.001736111111111112,0.0028935185185185192,0.001736111111111112,0.008699952237022152
0.01378820022992996,0.5866544863545488,0.013867131205454991,0.04278790430302049,0.011599962688068882,0.28735537144503676,0.014534738071883008,0.02941220570205738
0.0017123287671232893,0.5940923448982441,0.0017123287671232893,0.38762368394560626,0.0017123287671232893,0.0028538812785388144,0.0017123287671232893,0.008580774809117743
0.013632659989120267,0.5876914034926348,0.013754594489389812,0.04232519446269671,0.01145502562997942,0.2876513152860665,0.014457919408833838,0.02903188724127841
0.0016891891891891902,0.5929646923195527,0.0016891891891891902,0.388998417215597,0.0016891891891891902,0.002815315315315316,0.0016891891891891902,0.00846481839277831
0.013585907590604334,0.5889757708208515,0.013665986238264644,0.04183429726468089,0.011304964741633833,0.2875385292846875,0.014364411112664769,0.02873013294661244
0.001666666666666667,0.5919692551408419,0.001666666666666667,0.3902343462671725,0.001666666666666667,0.0027777777777777775,0.001666666666666667,0.008351954147541262
0.013469077715972966,0.590344846111288,0.013709450889605027,0.04143716052962252,0.011239917702637381,0.28705298067411295,0.014305462830053598,0.028441103546707616
0.0016447368421052635,0.5911400969858129,0.0016447368421052635,0.3912976675615697,0.0016447368421052635,0.002741228070175438,0.0016447368421052635,0.008242060014020983
0.013311784738246993,0.5923360185399078,0.013532013077932784,0.040937202825279954,0.011096452505771652,0.2864430366715768,0.014219684882064171,0.02812380675921978
0.0016233766233766237,0.5905105814364014,0.0016233766233766237,0.39215526409088525,0.0016233766233766237,0.002705627705627705,0.0016233766233766237,0.008135020273579152
0.013191872709741313,0.594550467118521,0.013388899890809585,0.040427916409043474,0.011026526892858072,0.28553507317134424,0.014047032890397477,0.0278322109172848
0.0016025641025641034,0.5901140618787918,0.0016025641025641034,0.39277401639814513,0.0016025641025641034,0.0026709401709401714,0.0016025641025641034,0.008030725141866603
0.013058736467538658,0.5965648057637842,0.013249368878655987,0.040141558595968366,0.010965245954532759,0.28447911210379956,0.01399392822860316,0.027547244007117343
0.0015822784810126584,0.5899680221855154,0.0015822784810126584,0.3931366626955109,0.0015822784810126584,0.002637130801687763,0.0015822784810126584,0.007929070393235376
0.012915918115504674,0.5989472223481296,0.01309442195617777,0.03967014188880323,0.01089761287989472,0.2834348603739885,0.013819444786549067,0.02722037765095245
0.0015625000000000007,0.5900860839542448,0.0015625000000000007,0.3932297923657687,0.0015625000000000007,0.002604166666666667,0.0015625000000000007,0.007829957013319937
0.012803040491348778,0.6013025081741307,0.012955234146207932,0.03919060360350152,0.010818771447806678,0.2822753067172679,0.013752155933680805,0.02690237948605571
0.0015432098765432102,0.5904876675215045,0.0015432098765432102,0.39303418563406434,0.0015432098765432102,0.0025720164609053494,0.0015432098765432102,0.007733290877353021
0.012671535953048926,0.603485143425968,0.012900065680393364,0.038724861514596434,0.010762439392008237,0.2811369281934304,0.013653121510863179,0.026665904329691483
0.0015243902439024395,0.5911817351054132,0.0015243902439024395,0.3925410710604538,0.0015243902439024395,0.002540650406504065,0.0015243902439024395,0.007638982452019449
0.012581452475985999,0.6057360056953516,0.012748763359697083,0.038358133327477735,0.010678985980113987,0.27997861724547424,0.013509921378149665,0.026408120537749585
0.0015060240963855427,0.5921678736156665,0.0015060240963855427,0.39175104331928645,0.0015060240963855427,0.0025100401606425703,0.0015060240963855427,0.007546946518862588
0.012442309819418573,0.6079426039163175,0.012608518115885096,0.03795017690320051,0.010588408926552254,0.27899921122250687,0.013354240733607055,0.026114530362512302
0.0014880952380952387,0.5934408746171713,0.0014880952380952387,0.3906694837828416,0.0014880952380952387,0.00248015873015873,0.0014880952380952387,0.007457101917447557
0.01233227708333031,0.6097878918376035,0.012507510809347176,0.03752606598701522,0.010496558267138804,0.27809429757587284,0.013371521183633434,0.02588387725605874
0.001470588235294118,0.5949874280938576,0.001470588235294118,0.3893098672661552,0.001470588235294118,0.0024509803921568627,0.001470588235294118,0.007369371306654057
0.012221877390331799,0.6115723950421273,0.012420879243072653,0.03715362809375945,0.01038666398294616,0.27734122691780305,0.013230580384920127,0.025672748945039445
0.0014534883720930237,0.596778721848811,0.0014534883720930237,0.3877011631000389,0.0014534883720930237,0.0024224806201550387,0.0014534883720930237,0.0072836809426231955
0.012110113504618077,0.6131169861310304,0.012309410982984112,0.03679482777141802,0.010373554852581837,0.27676761727961097,0.013092736475406647,0.025434753002349906
0.0014367816091954027,0.5987741376695527,0.0014367816091954027,0.3858841394063219,0.0014367816091954027,0.0023946360153256703,0.0014367816091954027,0.007199960472018331
0.012010497629217501,0.6143760240482686,0.012194090690112869,0.03644143556833768,0.010340496956299431,0.27649646048867793,0.012987168786260727,0.025153825832825157
0.001420454545454546,0.6009238372850699,0.001420454545454546,0.38390877755130604,0.001420454545454546,0.0023674242424242425,0.001420454545454546,0.007118142739381759
0.011949906018245422,0.6154191346048417,0.01209875613161069,0.03608457684804186,0.010246444649311955,0.276368309156629,0.0129098991164839,0.02492297347483548
0.0014044943820224723,0.6031702587059229,0.0014044943820224723,0.3818327761884714,0.0014044943820224723,0.0023408239700374533,0.0014044943820224723,0.0070381636074785935
0.011840085028706704,0.616137089245897,0.011997595655006799,0.035702114710784404,0.010196213430962386,0.2766156526013214,0.012809235765417752,0.024702013561903623
0.0013888888888888894,0.6054520099970887,0.0013888888888888894,0.3797176578429234,0.0013888888888888894,0.0023148148148148147,0.0013888888888888894,0.00695996178961772
0.01171279273802281,0.6167378896402556,0.011871654147638343,0.03531614934233096,0.010102629921714497,0.27712910126495655,0.012670895669098424,0.024458887275982874
0.001373626373626374,0.607700804471176,0.001373626373626374,0.3776318340519129,0.001373626373626374,0.0022893772893772895,0.001373626373626374,0.006883478693028514
0.01160171887959011,0.616944927359436,0.011789851336693559,0.03494629493327203,0.009997985199029575,0.27786817427027294,0.012574515083738481,0.024276532937967325
0.0013586956521739134,0.6098512647526454,0.0013586956521739134,0.37564080161258384,0.0013586956521739134,0.0022644927536231885,0.0013586956521739134,0.006808658272452118
0.01153720442823553,0.6169327054597852,0.011703047509856145,0.03461232972843076,0.009900057797488582,0.2788272800450546,0.012463883676801128,0.024023491354348243
0.0013440860215053767,0.6118542498889821,0.0013440860215053767,0.37379381576264253,0.0013440860215053767,0.002240143369175627,0.0013440860215053767,0.006735446893178438
0.011415005032078722,0.6167621294954607,0.011613177097747073,0.03431421512397527,0.009799642346837797,0.2799442928779615,0.012351549784831366,0.02379998824110751
0.0013297872340425536,0.6136712260229777,0.0013297872340425536,0.37212951978128916,0.0013297872340425536,0.0022163120567375884,0.0013297872340425536,0.006663793202825476
0.011308430162175866,0.6164178873635112,0.011517380920955169,0.03401085695663173,0.009762454512950405,0.28120236009396443,0.012222798772833663,0.02355783121697755
0.001315789473684211,0.6152758535917985,0.001315789473684211,0.3706743580461077,0.001315789473684211,0.0021929824561403508,0.001315789473684211,0.006593648011216788
0.011202627498383655,0.616017576424626,0.011407707532036454,0.033704918932482876,0.009670542590734525,0.28256595465473994,0.012100722947332339,0.023329949419664337
0.0013020833333333337,0.6166522701564568,0.0013020833333333337,0.3694442934435545,0.0013020833333333337,0.0021701388888888886,0.0013020833333333337,0.0065249641777666125
0.011087678695095828,0.6154482198411065,0.011290591261172855,0.03339748710995732,0.009612800609415563,0.2840000280617875,0.012059311347417152,0.02310388307404737
0.0012886597938144334,0.6177920111804586,0.0012886597938144334,0.3684478868154289,0.0012886597938144334,0.0021477663230240547,0.0012886597938144334,0.006457696505830874
0.01105028617496018,0.6148361205673,0.011188546762541775,0.033093175765213104,0.0095198245973961,0.2854494815109033,0.011969109567311674,0.022893455054374
0.001275510204081633,0.6186937007619647,0.001275510204081633,0.36768660643804635,0.001275510204081633,0.002125850340136054,0.001275510204081633,0.006391801643526478
0.010972739799540502,0.6142072650531901,0.011076017920987419,0.03276335619239978,0.009451995098860947,0.2869398659692226,0.011869366379524716,0.022719393586273798
0.001262626262626263,0.619364199108183,0.001262626262626263,0.36715368074637345,0.001262626262626263,0.0021043771043771043,0.001262626262626263,0.006327237990561564
0.010902005386014496,0.6135712659558294,0.01101845987517196,0.032440935038284595,0.009391675939797246,0.2883780114301515,0.011792506168775758,0.022505140205974935
0.0012500000000000005,0.6198139892279767,0.0012500000000000005,0.3668387118280342,0.0012500000000000005,0.0020833333333333333,0.0012500000000000005,0.0062639656106559475
0.01081531422343333,0.6129330193542667,0.010950590216624992,0.0321297004097611,0.009304011684184854,0.2898635146034323,0.011692365006131888,0.022311484502164886
0.001237623762376238,0.6200533499233349,0.001237623762376238,0.36673150260736886,0.001237623762376238,0.0020627062706270625,0.001237623762376238,0.006201946149164305
0.010775422494485045,0.6122181675434201,0.010878856770493104,0.03185678851628355,0.009235079390537167,0.2912236120292895,0.011642283573536477,0.022169789681954946
0.0012254901960784318,0.6200947401186839,0.0012254901960784318,0.36681967268132676,0.0012254901960784318,0.0020424836601307186,0.0012254901960784318,0.006141142755545047
0.010676707415783871,0.6115712407818399,0.010796207633591418,0.03160517087912964,0.009158667043622325,0.2926343990778296,0.011545710824483536,0.02201189634371959
0.001213592233009709,0.6199545201458222,0.001213592233009709,0.36708693719011065,0.001213592233009709,0.0020226537216828477,0.001213592233009709,0.00608152001034558
0.010696345016955626,0.6109570156380748,0.010736152257158002,0.031313767266381964,0.009093439701718227,0.29388152551339214,0.011483570398613394,0.021838184207705797
0.0012019230769230776,0.6196523487996208,0.0012019230769230776,0.3675137099080818,0.0012019230769230776,0.0020032051282051285,0.0012019230769230776,0.0060230438563999514
0.010601989480018378,0.6103502639625353,0.010701863280130983,0.03113589095994184,0.009021751749942445,0.29509758019613336,0.01140981532123912,0.02168084505005847
0.0011904761904761906,0.6192094314339768,0.0011904761904761906,0.3680788552860335,0.0011904761904761906,0.0019841269841269836,0.0011904761904761906,0.005965681533958044
0.010548614949187652,0.6099260034207155,0.010630138251652451,0.030846980126568602,0.008997322939607255,0.2961825395736494,0.011382389051380438,0.021486011687238727
0.0011792452830188679,0.618645193263251,0.0011792452830188679,0.3687630152801554,0.0011792452830188679,0.0019654088050314457,0.0011792452830188679,0.005909401519486742
0.010480865057071456,0.6097475636412855,0.010550423550303072,0.030561369662725345,0.008914704105436754,0.2971027164855866,0.011285385949601287,0.02135697154798985
0.0011682242990654211,0.6179803013533888,0.0011682242990654211,0.3695455874840044,0.0011682242990654211,0.001947040498442368,0.0011682242990654211,0.005854173467902756
0.010421737884753117,0.6095513365646263,0.01048115621410585,0.03030957877107958,0.008863952882845142,0.2979517904070726,0.011202759199229475,0.02121768807628813
0.0011574074074074073,0.6172381270428005,0.0011574074074074073,0.37040326282387614,0.0011574074074074073,0.0019290123456790116,0.0011574074074074073,0.005799968158014764
0.010330571792212858,0.609550428715178,0.010402055615091116,0.03005306730897887,0.008804422589006695,0.298681308664209,0.01113453040348907,0.021043614911834343
0.0011467889908256875,0.6164409543322932,0.0011467889908256875,0.3713138172787258,0.0011467889908256875,0.0019113149847094783,0.0011467889908256875,0.0057467574409687545
0.010338864781564946,0.6095709926271192,0.010336776650657832,0.029800995747245845,0.008748409491282427,0.2992679734981024,0.011056328143301613,0.020879659060725673
0.0011363636363636352,0.6156119538923162,0.0011363636363636352,0.3722541379767845,0.0011363636363636352,0.0018939393939393914,0.0011363636363636352,0.0056945141915053996
0.010281345293831411,0.6097774032053029,0.010268178796797854,0.029556901726264597,0.008692855139013503,0.29970683181512886,0.01100626657957462,0.020710217444086396
0.0011261261261261255,0.614774286067777,0.0011261261261261255,0.3732011202889895,0.0011261261261261255,0.0018768768768768753,0.0011261261261261255,0.0056432122618522
0.01020133395848421,0.6101488173463699,0.010194501275665832,0.029316764045051225,0.0086250960995029,0.2999931193998815,0.010946594041997508,0.02057377383304699
0.0011160714285714285,0.6139521589621236,0.0011160714285714285,0.374130609837886,0.0011160714285714285,0.0018601190476190469,0.0011160714285714285,0.005592826438085666
0.0101578998482055,0.6106374153792158,0.010104786308389197,0.0291135539253062,0.008564909586847167,0.3000710278116514,0.010927223029655162,0.020423184110729603
0.0011061946902654867,0.6131674677624197,0.0011061946902654867,0.37502076326059863,0.0011061946902654867,0.0018436578171091439,0.0011061946902654867,0.005543332398810572
0.010069458705191454,0.611368752921838,0.010083968512882843,0.02887930669231418,0.008507208125083486,0.2999806561058994,0.010831621406529426,0.02027902753026134
0.001096491228070175,0.6124415366196371,0.001096491228070175,0.3758503064119513,0.001096491228070175,0.0018274853801169574,0.001096491228070175,0.005494706676013985
0.010009299501660967,0.612181959955256,0.01000626527876444,0.02866270430188742,0.008443083844928161,0.29978626965763183,0.010771888071356032,0.02013852938851508
0.0010869565217391294,0.6117969891116474,0.0010869565217391294,0.37659666398053593,0.0010869565217391294,0.0018115942028985484,0.0010869565217391294,0.0054469266179616865
0.00996084244338873,0.6131110288093876,0.009927818812093807,0.028444457052168182,0.008422488662571562,0.29941943949395633,0.010730174070772857,0.01998375065566086
0.0010775862068965502,0.6112544556169504,0.0010775862068965502,0.37723925218995547,0.0010775862068965502,0.0017959770114942496,0.0010775862068965502,0.005399970354013739
0.009905290075047087,0.614163710261899,0.009863963191085057,0.028217014265448554,0.008414835473009677,0.29894433771303375,0.010659096835541032,0.01983175218493592
0.0010683760683760667,0.610832599026233,0.0010683760683760667,0.37775945315839154,0.0010683760683760667,0.0017806267806267774,0.0010683760683760667,0.00535381676124439
0.009827290994701553,0.6153619527626754,0.009791271472956319,0.028019693207279723,0.00834585973828488,0.29839402452332914,0.010579779966603227,0.01968012733416979
0.001059322033898304,0.6105482740549786,0.001059322033898304,0.3781404556535051,0.001059322033898304,0.0017655367231638394,0.001059322033898304,0.005308445432759271
0.009790746034623278,0.6166142899372622,0.009733913747358098,0.027788210004161474,0.00828760182384126,0.29776101229522417,0.01050361969347896,0.01952060646405067
0.001050420168067226,0.6104161716863827,0.001050420168067226,0.3783676107136263,0.001050420168067226,0.0017507002801120425,0.001050420168067226,0.005263836647610033
0.00974753706719777,0.6178960030405202,0.009703664302989488,0.02757473357616994,0.008221919270220665,0.2970538460585583,0.010438941514064683,0.01936335517027905
0.0010416666666666662,0.6104490446455735,0.0010416666666666662,0.3784282062344355,0.0010416666666666662,0.0017361111111111097,0.0010416666666666662,0.005219971342213286
0.00968801586323392,0.6191871984357619,0.0096490225862618,0.027373909354143116,0.00820267405112599,0.2962874567197268,0.010394543819038307,0.0192171791707083
0.001033057851239669,0.6106575616454902,0.001033057851239669,0.378311612780965,0.001033057851239669,0.0017217630853994476,0.001033057851239669,0.00517683108318673
0.009668320470091115,0.6205002837816537,0.009572718335883568,0.02718598372035609,0.008165962905008858,0.2954681525135169,0.010353853799652054,0.01908472447383773
0.0010245901639344258,0.6110461059546677,0.0010245901639344258,0.3780134850748493,0.0010245901639344258,0.0017076502732240424,0.0010245901639344258,0.005134398041521265
