0.125,0.125,0.125,0.125,0.125,0.125,0.125,0.125
0.125,0.125,0.125,0.125,0.125,0.125,0.125,0.125
0.1088414460935569,0.12435558488657661,0.08474078994867264,0.06836726545897641,0.07424964538768115,0.11383910685715025,0.20809160641886085,0.21751455494852526
0.0625,0.1785714285714286,0.0625,0.28571428571428575,0.0625,0.0892857142857143,0.0625,0.1964285714285714
0.0832574780573964,0.12111123617727228,0.06339997975194271,0.0681959783540496,0.122713721680888,0.10088665244090324,0.23198895134575123,0.20844600219179646
0.041666666666666664,0.16173844101835785,0.041666666666666664,0.39553082514628723,0.041666666666666664,0.059523809523809534,0.041666666666666664,0.21654025764487872
0.07616382885197343,0.09586346704294524,0.047581731859868165,0.06443482402282977,0.13512989343111254,0.13481474218331932,0.23002904880356762,0.2159824638043839
0.031249999999999993,0.12130383076376836,0.031249999999999993,0.49566695424037344,0.031249999999999993,0.044642857142857144,0.031249999999999993,0.21338635785300109
0.09452247026691121,0.08602747689932229,0.044842324730199626,0.06464770736854217,0.16372228517222293,0.15902680665787616,0.2074908692920181,0.17972005961290755
0.025000000000000005,0.09704306461101472,0.025000000000000005,0.5733791901993633,0.025000000000000005,0.035714285714285726,0.025000000000000005,0.19386345947533623
0.10984234257937847,0.09849231076884422,0.04195949095781723,0.055321420635572736,0.1920311328348368,0.17298463595877583,0.17322312142446772,0.15614554484030685
0.020833333333333336,0.08086922050917894,0.020833333333333336,0.639835737376232,0.020833333333333336,0.02976190476190477,0.020833333333333336,0.16619980401935092
0.12286978893433533,0.11743850569299841,0.04062212598728945,0.059090464534470755,0.18979658875018737,0.18300234052508474,0.14892088304218684,0.1382593025334471
0.01785714285714286,0.06931647472215337,0.01785714285714286,0.6912877748939131,0.01785714285714286,0.02551020408163266,0.01785714285714286,0.14245697487372935
0.13857668932004075,0.141284449395872,0.03703699380074269,0.059355238289594284,0.17636944617947153,0.1872852813355754,0.13723785925020165,0.12285404242850184
0.015625000000000003,0.0606519153818842,0.015625000000000003,0.7298768030321741,0.015625000000000003,0.02232142857142858,0.015625000000000003,0.12464985301451319
0.16094850247146664,0.16942128054839517,0.03710851339762407,0.06014825761492321,0.1603890711800276,0.17621229505467798,0.12489889685271421,0.11087318288017112
0.013888888888888888,0.05391281367278595,0.013888888888888888,0.7598904915841547,0.013888888888888888,0.019841269841269844,0.013888888888888888,0.11079986934623393
0.18570465747497691,0.19406811293503493,0.039328155035623195,0.057691989823385394,0.1450486873994602,0.15980991293828312,0.11598243853598304,0.10236604585725324
0.0125,0.048521532305507355,0.0125,0.7839014424257391,0.0125,0.01785714285714286,0.0125,0.09971988241161053
0.2016951752559084,0.22345393400031718,0.03617493636083427,0.058165822339222094,0.1340667784127005,0.1454083852493793,0.10760380002458984,0.09343116835704825
0.011363636363636364,0.044110483914097595,0.011363636363636364,0.8035467658415811,0.011363636363636364,0.016233766233766236,0.011363636363636364,0.09065443855600958
0.21997645630216753,0.23823945458452792,0.037082119940426796,0.05420428731874824,0.12601616188300824,0.135545487438594,0.10285956620789503,0.0860764663246323
0.010416666666666666,0.04043461025458946,0.010416666666666666,0.819917868688116,0.010416666666666666,0.014880952380952384,0.010416666666666666,0.08309990200967544
0.23242291590319805,0.25765811694885843,0.034465274131396835,0.05102099583621131,0.1168653150854065,0.12933768468627424,0.0963746891005784,0.08185500830807635
0.00961538461538461,0.03886305257692269,0.00961538461538461,0.8322315433701901,0.00961538461538461,0.01373626373626373,0.00961538461538461,0.07670760185508499
0.24271269275562507,0.2677523802807397,0.038336526891728284,0.048753522433342134,0.10940481161976258,0.12079917967309986,0.09122491253150404,0.08101597381419832
0.008928571428571425,0.04442444801343575,0.008928571428571425,0.8358776767945976,0.008928571428571425,0.012755102040816322,0.008928571428571425,0.07122848743686463
0.25613091121648607,0.27906642237414186,0.03724862581483831,0.04840324397946672,0.10214360242452038,0.11437810625960333,0.0860077542290832,0.07662133370186022
0.008333333333333326,0.054063638514442694,0.008333333333333326,0.8342183446397218,0.008333333333333326,0.011904761904761897,0.008333333333333326,0.0664799216077403
0.2673338485918202,0.28620100642931323,0.036359116342764376,0.04831678605632356,0.09638213133737965,0.10841757674573728,0.08290521203385068,0.07408432246281103
0.007812499999999995,0.06611773894735666,0.007812499999999995,0.8291466202596726,0.007812499999999995,0.01116071428571428,0.007812499999999995,0.062324926507256545
0.2775067888233982,0.2920712910787539,0.03539535146932865,0.04734009568493526,0.09246771947987464,0.10301551597580036,0.08052112898569304,0.07168210850221594
0.007352941176470582,0.07963117325373206,0.007352941176470582,0.8217941059999424,0.007352941176470582,0.010504201680672263,0.007352941176470582,0.05865875435977086
0.28882787262829357,0.2988593852861993,0.034652030396972844,0.046566728847647273,0.08745885479343261,0.09820933076027295,0.07639686589418739,0.06902893139299386
0.006944444444444439,0.0939643529959052,0.006944444444444439,0.8129372996325654,0.006944444444444439,0.009920634920634915,0.006944444444444439,0.05539993467311692
0.300417569603528,0.3057066827063649,0.03294079757991882,0.04432295494575108,0.08325859393498272,0.09342681649603309,0.07328472250316287,0.06664186223025834
0.006578947368421048,0.1087248084443779,0.006578947368421048,0.8030767572036468,0.006578947368421048,0.009398496240601498,0.006578947368421048,0.052484148637689715
0.310157007819163,0.3088246360273947,0.031594118344139395,0.045159940555803836,0.07948254639542014,0.09045388572154556,0.07003744259917835,0.06429042253735481
0.006249999999999993,0.12363425378019635,0.006249999999999993,0.7925772335854271,0.006249999999999993,0.008928571428571421,0.006249999999999993,0.04985994120580522
0.3237346274614869,0.3105602583072146,0.030383605447895888,0.04371803302114873,0.07604263968281727,0.08622752061405158,0.06693297154020643,0.06240034392517855
0.005952380952380945,0.13851147309227868,0.005952380952380945,0.7816899434464103,0.005952380952380945,0.00850340136054421,0.005952380952380945,0.04748565829124306
0.3366025450127567,0.31069371844445437,0.029608259096305038,0.04234988982885701,0.0735754670658192,0.08306141961630759,0.06408911319100775,0.06001958774449248
0.005681818181818173,0.15321901535390114,0.005681818181818173,0.7706096095239384,0.005681818181818173,0.008116883116883106,0.005681818181818173,0.045327219278004725
0.3489067802482743,0.30972403682402777,0.029035078832693705,0.04122915545134947,0.0711898158027181,0.07981483859751522,0.0614250651891799,0.05867522905424148
0.005434782608695647,0.1676401626713166,0.005434782608695647,0.7595002611248777,0.005434782608695647,0.007763975155279497,0.005434782608695647,0.043356470613743675
0.36054088297063414,0.3068533213175823,0.028597736226034103,0.040071179295347654,0.06889502062199572,0.07713785071056029,0.060630407122189776,0.05727360173565607
0.0052083333333333304,0.1817004039694523,0.0052083333333333304,0.7484758355019006,0.0052083333333333304,0.0074404761904761875,0.0052083333333333304,0.0415499510048377
0.37488655260010684,0.303187680630184,0.028091727822669523,0.03925271865068524,0.06666671050280117,0.07408279480942509,0.058315054721155855,0.055516760262972274
0.004999999999999996,0.19532247300230132,0.004999999999999996,0.7376467168901975,0.004999999999999996,0.007142857142857138,0.004999999999999996,0.03988795296464418
0.3892022239350718,0.29553171482482055,0.027689662120714196,0.040105980919005996,0.06424670807840514,0.07256428964348341,0.05620574316479572,0.054453677313703125
0.0048076923076923045,0.20840867471093957,0.0048076923076923045,0.727138623262617,0.0048076923076923045,0.0068681318681318645,0.0048076923076923045,0.03835380092754249
0.4036482838603953,0.2883781514741124,0.02733866163250951,0.04014482900549912,0.06244061037883348,0.070297692957626,0.054690718523624865,0.05306105216739936
0.004629629629629629,0.22088448162180202,0.004629629629629629,0.717049953463845,0.004629629629629629,0.006613756613756614,0.004629629629629629,0.03693328978207797
0.420185465765646,0.2805400562135903,0.026703465507806955,0.039576956227384115,0.06027844799063574,0.0679999717090923,0.05290211181591753,0.051813524769926955
0.004464285714285712,0.23264768519730197,0.004464285714285712,0.7075033772067149,0.004464285714285712,0.006377551020408162,0.004464285714285712,0.035614243718432324
0.4363472057612792,0.27199171259748073,0.02588039889816413,0.03910931545355041,0.059269889797285286,0.06575436875859328,0.0513725315283233,0.05027457720532354
0.004310344827586208,0.24343551792170454,0.004310344827586208,0.6987793009511393,0.004310344827586208,0.006157635467980298,0.004310344827586208,0.034386166348831224
0.45083346612586295,0.26316728656900573,0.026232114596103962,0.03797404568204197,0.05910815631681497,0.06371411290052834,0.05007749497881361,0.04889332283082839
0.0041666666666666675,0.2531598467943503,0.0041666666666666675,0.6909811447827321,0.0041666666666666675,0.005952380952380954,0.0041666666666666675,0.033239960803870185
0.4622130373694145,0.2549253584126839,0.025680218610924125,0.036959438382589305,0.060769294856229894,0.06229751197062283,0.04957043118124761,0.047584709216287865
0.004032258064516128,0.26178990150454845,0.004032258064516128,0.6841529935700474,0.004032258064516128,0.005760368663594469,0.004032258064516128,0.03216770400374532
0.4733465156472839,0.24739145101458404,0.025527133556880785,0.03608613568964658,0.06242083078509393,0.0608469009714628,0.04813686605329781,0.04624416628175004
0.0039062499999999983,0.26928601737266794,0.0039062499999999983,0.6783461622308466,0.0039062499999999983,0.005580357142857141,0.0039062499999999983,0.03116246325362828
0.4828622324717099,0.24068503078332115,0.025317727727539787,0.03509902842954341,0.06459300140732137,0.05929970392679621,0.04692531870044444,0.04521795655332365
0.003787878787878789,0.27569052013940126,0.003787878787878789,0.6735285631124919,0.003787878787878789,0.005411255411255414,0.003787878787878789,0.030218146185336532
0.49075257235057057,0.23440307195734877,0.024789913311743187,0.03410352059057203,0.06718715434451451,0.05863679133671654,0.045691633269308134,0.04443534283922636
0.0036764705882352928,0.281005550347712,0.0036764705882352928,0.6697070892791253,0.0036764705882352928,0.005252100840336133,0.0036764705882352928,0.02932937717988544
0.49803492570102464,0.22799766176115274,0.024346754548995354,0.03403546132105395,0.06978624109401489,0.05772289092909754,0.04456715710986011,0.043508907534800904
0.00357142857142857,0.28528423488091503,0.00357142857142857,0.6668366150422984,0.00357142857142857,0.005102040816326529,0.00357142857142857,0.028491394974745857
0.5050461754593365,0.22197650284491485,0.024319260551093295,0.0332873454265818,0.07247552298235901,0.05655271687917651,0.043855598461424485,0.04248687739511374
0.0034722222222222194,0.28854337285600323,0.0034722222222222194,0.664907453458232,0.0034722222222222194,0.0049603174603174574,0.0034722222222222194,0.02769996733655846
0.5114743392240467,0.2163469731462318,0.02399814050033379,0.03277695308479115,0.0758490038431201,0.055182764958564993,0.04285931606341904,0.041512509179492306
0.003378378378378376,0.2908094115780136,0.003378378378378376,0.6638995005115126,0.003378378378378376,0.0048262548262548235,0.003378378378378376,0.02695131957070553
0.517894383636278,0.2109052628644327,0.023441918005531016,0.03202258550507214,0.07831579542052089,0.05445553840006346,0.042322562788282725,0.040641953379818935
0.0032894736842105227,0.29217440054583277,0.0032894736842105227,0.6637263822781796,0.0032894736842105227,0.004699248120300747,0.0032894736842105227,0.02624207431884485
0.5234792528015793,0.20628921140966663,0.02298242880452843,0.0317128895528367,0.080484469638118,0.053479306764023266,0.04144433055410926,0.04012811047513855
0.003205128205128203,0.2927248268371686,0.003205128205128203,0.6643067051452024,0.003205128205128203,0.004578754578754576,0.003205128205128203,0.025569200618361657
0.530405871540754,0.2014066012866625,0.02265572723805843,0.031554330781813474,0.08139547347856865,0.05251871300269197,0.04080546467543929,0.039257817996011586
0.0031249999999999976,0.29258680035704243,0.0031249999999999976,0.6655189433257692,0.0031249999999999976,0.004464285714285712,0.0031249999999999976,0.024929970602902616
0.537524393372321,0.19658562695536422,0.02250788236446801,0.031146208450130452,0.08198416681295992,0.05125295077418476,0.04062562154269896,0.03837314972787255
0.003048780487804876,0.2918918754840231,0.003048780487804876,0.6672356793284762,0.003048780487804876,0.0043554006968641095,0.003048780487804876,0.024321922539417187
0.5442246351467779,0.19241995733605946,0.022198202855537964,0.03078130051087165,0.08170462093163416,0.050343027237728565,0.039842762228550745,0.03848549375283962
0.0029761904761904743,0.2908534272369566,0.0029761904761904743,0.6692472810323878,0.0029761904761904743,0.004251700680272107,0.0029761904761904743,0.02374282914562154
0.5514789449132159,0.18802581044238545,0.022119309776158006,0.030165154702674543,0.08164633384042108,0.04936243776440845,0.03895274808045207,0.038249260480284306
0.0029069767441860447,0.28965647352658846,0.0029069767441860447,0.6713721252481201,0.0029069767441860447,0.0041528239202657784,0.0029069767441860447,0.023190670328281506
0.5594921913516226,0.18397998254839634,0.021683130880656626,0.029767021361717286,0.07980295629758381,0.04854346617858779,0.03857105958511285,0.03816019179632269
0.00284090909090909,0.28849781778096173,0.00284090909090909,0.6734164946579579,0.00284090909090909,0.004058441558441558,0.00284090909090909,0.022663609639002387
0.5676711324154982,0.17993920097024843,0.021603141073397756,0.029316705094140222,0.07821658358237828,0.04762853376346218,0.037876271823839104,0.03774843127703569
0.002777777777777778,0.28739065784625173,0.002777777777777778,0.6753700032051364,0.002777777777777778,0.003968253968253969,0.002777777777777778,0.022159973869246785
0.5744220554950882,0.17618101955968501,0.021863988181967563,0.0288583074263396,0.0769274529292296,0.04687956294232243,0.03772761291659135,0.03714000054877615
0.002717391304347827,0.2863316353000074,0.002717391304347827,0.6772385765980897,0.002717391304347827,0.0038819875776397532,0.002717391304347827,0.021678235306871862
0.581151293911422,0.17244957049649315,0.02168510757224794,0.028544942808601793,0.07557981857968582,0.04605162486350154,0.03738635616798649,0.03715128560006119
0.002659574468085108,0.2853176775429649,0.002659574468085108,0.6790276362296408,0.002659574468085108,0.003799392097264441,0.002659574468085108,0.02121699625778949
0.5884437228226704,0.16890755281135028,0.02151374546703978,0.02837666326302013,0.07403058221248641,0.045313183977999466,0.036681882155987715,0.03673266728944584
0.0026041666666666674,0.28434596802579903,0.0026041666666666674,0.6807421517098773,0.0026041666666666674,0.003720238095238097,0.0026041666666666674,0.020774975502418868
0.5958864184247535,0.16578956713422238,0.021209777404447256,0.027850473590301454,0.07272700163817931,0.044415545595488555,0.03594975482668635,0.03617146138592115
0.002551020408163265,0.28341392012157873,0.002551020408163265,0.6823866869664307,0.002551020408163265,0.0036443148688046654,0.002551020408163265,0.020350996410532764
0.6021494025223602,0.16279331964494415,0.02101722834284653,0.027431503912798957,0.07166391597196901,0.043599999229747236,0.035489738523477705,0.03585489185185623
0.002499999999999999,0.28251915413352724,0.002499999999999999,0.683965440812722,0.002499999999999999,0.003571428571428571,0.002499999999999999,0.0199439764823221
0.6079417177763005,0.1598737814097196,0.02098252783564396,0.026995532435599847,0.0710749766012248,0.04296341666319777,0.03488601676883238,0.035282030509481144
0.0024509803921568614,0.28165947700775223,0.0024509803921568614,0.6854822827434726,0.0024509803921568614,0.0035014005602240885,0.0024509803921568614,0.019552918119923626
0.6139615215654949,0.15710872214244143,0.020763439843945755,0.026513860824763768,0.0701414209256558,0.042143258614576816,0.03446270604851486,0.03490507003460668
0.002403846153846152,0.28083286438681476,0.002403846153846152,0.6869407845999634,0.002403846153846152,0.003434065934065932,0.002403846153846152,0.01917690046377124
0.6204828787896984,0.15426861830817326,0.02050479114070549,0.026162786722945943,0.06887540815071784,0.04145537744745673,0.033979093233172525,0.03427104620712983
0.002358490566037733,0.2800374446949693,0.002358490566037733,0.6883442486505489,0.002358490566037733,0.0033692722371967626,0.002358490566037733,0.018815072153134042
0.6259484275967295,0.1518122338389008,0.02027953167258039,0.02616363169211804,0.06766251367855171,0.04086719173487499,0.03352147242853559,0.033744997357708896
0.0023148148148148117,0.2792714849917107,0.0023148148148148117,0.6896957325511128,0.0023148148148148117,0.0033068783068783032,0.0023148148148148117,0.018466644891038966
0.6309687160270059,0.1490650630024463,0.02011900355641753,0.02606321053070674,0.06656449991048122,0.040623130753161714,0.03315316962106936,0.0334432065987114
0.002272727272727269,0.2785333783685705,0.002272727272727269,0.6909980715825652,0.002272727272727269,0.003246753246753242,0.002272727272727269,0.018130887711201887
0.636803299124863,0.1464384813887975,0.019895953642845854,0.025638033466141266,0.06569389342707026,0.03989892546856015,0.03260995586748423,0.03302145761423773
0.002232142857142853,0.2778216326962568,0.002232142857142853,0.6922538985057515,0.002232142857142853,0.0031887755102040765,0.002232142857142853,0.017807121859216134
0.6423461062138995,0.14400290633053286,0.01983383210727886,0.025437271320086326,0.0645501197800076,0.039287712774246066,0.032050370008621196,0.03249168146532762
0.0021929824561403464,0.27713486055630504,0.0021929824561403464,0.6934656613263699,0.0021929824561403464,0.0031328320802004954,0.0021929824561403464,0.017494716212563217
0.6474476335313553,0.1416827911063315,0.019592680467395627,0.025006245699210148,0.06375920638811011,0.03868586381171221,0.031765203674272,0.03206037532161304
0.0021551724137930986,0.2764717702142826,0.0021551724137930986,0.6946356392221392,0.0021551724137930986,0.0030788177339901414,0.0021551724137930986,0.017193083174415574
0.6524681413731561,0.13934060870141943,0.01942375104883152,0.024704062260120393,0.06272450101914806,0.038158812283661164,0.031474123051173246,0.031706000262489945
0.0021186440677966045,0.275831157510973,0.0021186440677966045,0.6957659568502553,0.0021186440677966045,0.0030266343825665785,0.0021186440677966045,0.01690167498501869
0.6573468578129574,0.13716163365331097,0.019331221391716037,0.02434026154665881,0.061787794461177895,0.03770619755112419,0.030983499003380356,0.03134253457967436
0.002083333333333327,0.27521189856444034,0.002083333333333327,0.6968585972241008,0.002083333333333327,0.0029761904761904674,0.002083333333333327,0.01661998040193504
0.6614569420539632,0.13497699470627655,0.01921586189305022,0.024152594995767152,0.06106420909658452,0.037182381283626255,0.030691073084530503,0.03125994288620142
0.002049180327868845,0.27461294318992513,0.002049180327868845,0.697915413323394,0.002049180327868845,0.002927400468384065,0.002049180327868845,0.01634752170682134
0.6656664650544951,0.13314302545872325,0.019296509101747093,0.02379468449326224,0.06018043170625478,0.036659813393964,0.030289977429579968,0.03096909336197362
0.0020161290322580567,0.27403330895652334,0.0020161290322580567,0.6989381385807746,0.0020161290322580567,0.0028801843317972243,0.0020161290322580567,0.016083852001872605
0.6697515779050037,0.1312457295257389,0.01927618035209529,0.023501665671348097,0.059331159854122247,0.03613366390294471,0.03013966526072297,0.03062035752802421
0.0019841269841269758,0.27347207580989624,0.0019841269841269758,0.6999283963696669,0.0019841269841269758,0.002834467120181394,0.0019841269841269758,0.015828552763747637
0.6736998823577636,0.1293889260866393,0.019001670589832858,0.023626698832463114,0.05852848706667078,0.03580593993352009,0.029728863157614936,0.030219531975495494
0.001953124999999991,0.2729283811991012,0.001953124999999991,0.7008877086026563,0.001953124999999991,0.002790178571428559,0.001953124999999991,0.015581231626814074
0.6780658102101325,0.12748340224021118,0.018781170578212266,0.0233280962453829,0.057752553859372786,0.03532686605371679,0.02938829919578358,0.029873801617187952
0.001923076923076913,0.27240141565325365,0.001923076923076913,0.7018175035361688,0.001923076923076913,0.002747252747252733,0.001923076923076913,0.015341520371016925
0.6820934486067008,0.1257132172357507,0.018639816476558956,0.02316934500615303,0.05687782182342382,0.035012447290397423,0.029029151619408108,0.02946475194160697
0.0018939393939393838,0.27189041876031067,0.0018939393939393838,0.7027191228656359,0.0018939393939393838,0.0027056277056276916,0.0018939393939393838,0.015109073092668183
0.6861627607787223,0.12394911591160473,0.018408205813951025,0.02296893982607071,0.056038835152373755,0.034689878332404514,0.02866433054184784,0.029117933643025146
0.0018656716417910341,0.27139467550596297,0.0018656716417910341,0.703593828185268,0.0018656716417910341,0.0026652452025586206,0.0018656716417910341,0.014883564539046264
0.6900032748689184,0.12214159779246456,0.01829591335317352,0.022897068609392154,0.055231205784160305,0.034202165255513686,0.028476089174551373,0.028752685161825945
0.001838235294117636,0.27091351293556665,0.001838235294117636,0.7044428068778521,0.001838235294117636,0.002626050420168052,0.001838235294117636,0.014664688589942637
0.6936135967442082,0.1204873107604416,0.01807632289613906,0.02268369057631262,0.05448736495410864,0.03370868180065405,0.028252347653902023,0.028690684614233852
0.0018115942028985393,0.27044629710634127,0.0018115942028985393,0.7052671774923903,0.0018115942028985393,0.002587991718426485,0.0018115942028985393,0.014452156871247812
0.6972880530002935,0.11886006567670998,0.018002109661320053,0.022393943051414577,0.053726948854538395,0.033230035909611697,0.028135772747769846,0.02836307109834211
0.0017857142857142737,0.269992430300808,0.0017857142857142737,0.7060679946607988,0.0017857142857142737,0.0025510204081632486,0.0017857142857142737,0.014245697487372838
0.7009963201856565,0.11729756772208856,0.017818882782283017,0.02220883116274062,0.053011262177741075,0.032893493596181794,0.027766722755607008,0.028006919617701364
0.0017605633802816778,0.2695513484757123,0.0017605633802816778,0.7068462535991112,0.0017605633802816778,0.00251509054325954,0.0017605633802816778,0.014045053860790118
0.7043903475067009,0.11580001641814107,0.01758979118131198,0.02204060065811259,0.05252254110826843,0.03249501084260736,0.027420942773660174,0.027740749511197378
0.0017361111111110984,0.26912251892353595,0.0017361111111110984,0.7076028942335818,0.0017361111111110984,0.0024801587301587127,0.0017361111111110984,0.01384998366827914
0.707319026933905,0.1143999433256176,0.017552512566660794,0.02198818990918093,0.05205321897639783,0.03211001476371104,0.027107382296777133,0.027469711227749563
0.0017123287671232746,0.2687054381262137,0.0017123287671232746,0.7083388049876558,0.0017123287671232746,0.0024461839530332498,0.0017123287671232746,0.01366025786460408
0.7106191789192745,0.11294040923832195,0.017361262962392574,0.021764323509547483,0.05149513560248771,0.03168665892320296,0.02699837893196746,0.02713465191280507
0.0016891891891891758,0.2682996297828732,0.0016891891891891758,0.70905482626189,0.0016891891891891758,0.0024131274131273944,0.0016891891891891758,0.01347565978535267
0.7138615061126263,0.1115128038641408,0.017135445350257045,0.021664115398370636,0.050944380421505925,0.03127762983716694,0.026671978629439128,0.026932140386493265
0.0016666666666666531,0.2679046429953551,0.0016666666666666531,0.7097517536354779,0.0016666666666666531,0.002380952380952362,0.0016666666666666531,0.013295984321547964
0.7168259681400522,0.11037255458129855,0.017100253454435433,0.021445836344044965,0.05027532601465163,0.0308690606379533,0.026495753513845546,0.02661524731371844
0.0016447368421052494,0.2675200505969822,0.0016447368421052494,0.7104303408150241,0.0016447368421052494,0.0023496240601503567,0.0016447368421052494,0.013121037159422328
0.7196726144774167,0.10900495107812719,0.01695694742466946,0.021406253652943092,0.04965997569495713,0.03075381036417661,0.026259349928348098,0.026286097379361436
0.0016233766233766094,0.267145447611554,0.0016233766233766094,0.7110913023535431,0.0016233766233766094,0.002319109461966585,0.0016233766233766094,0.012950634079429828
0.7228923174154354,0.10764027551499361,0.016819534577376914,0.02116413016938407,0.04908347975020863,0.030521878906575546,0.025927782727218195,0.02595060093880792
0.0016025641025640882,0.26678044983088045,0.0016025641025640882,0.7117353161603052,0.0016025641025640882,0.0022893772893772695,0.0016025641025640882,0.012784600309180725
0.7257295450827869,0.10636907493414537,0.016827810644235355,0.02106028128898692,0.04856035267322444,0.03016271176075612,0.025639799172889065,0.025650424442975897
0.0015822784810126437,0.2664246925003505,0.0015822784810126437,0.7123630258200606,0.0015822784810126437,0.002260397830018063,0.0015822784810126437,0.012622769925520206
0.7286169576261166,0.10508667697750533,0.016644410735116456,0.020889847043887452,0.04795559938725656,0.02997444531677797,0.025417997664367642,0.025414065248971864
0.0015624999999999853,0.2660778291030838,0.0015624999999999853,0.7129750427383222,0.0015624999999999853,0.0022321428571428366,0.0015624999999999853,0.0124649853014512
0.7311900645193462,0.10386511547789178,0.016538577886777053,0.020703943998688513,0.047401301543353536,0.029858309606692637,0.02521456237310577,0.025228124594144502
0.001543209876543195,0.26573953023414465,0.001543209876543195,0.7135719481277378,0.001543209876543195,0.0022045855379188503,0.001543209876543195,0.012311096594025874
0.733912295437709,0.10264929032821667,0.016465593437067657,0.020633300643640315,0.04688015202019862,0.02955358591754771,0.024916858177807626,0.024988924037812364
0.001524390243902424,0.26540948255713087,0.001524390243902424,0.7141542948491189,0.001524390243902424,0.002177700348432035,0.001524390243902424,0.012160961269708483
0.7363857341858464,0.10154618498117018,0.016386351594693864,0.02045326591988963,0.04640354197412827,0.029432441752815695,0.02470266512740847,0.024689814464047583
0.0015060240963855269,0.26508738783618974,0.0015060240963855269,0.7147226091193823,0.0015060240963855269,0.0021514629948364674,0.0015060240963855269,0.012014443664049341
0.7389960360843751,0.10058332004996169,0.01621524343780721,0.020290389771420485,0.04593394095642433,0.029140871985826145,0.024438608341388425,0.024401589372796614
0.0014880952380952228,0.2647729620371757,0.0014880952380952228,0.7152773920974966,0.0014880952380952228,0.002125850340136033,0.0014880952380952228,0.011871414572810655
0.7413005888866306,0.09951477516672498,0.016031379685230163,0.020140736564479754,0.04553164159136845,0.028989347698200656,0.02424406932473713,0.024247461082628163
0.0014705882352941022,0.2644659344922562,0.0014705882352941022,0.7158191213584789,0.0014705882352941022,0.002100840336134432,0.0014705882352941022,0.011731750871954057
0.7438148681040562,0.0984381474818009,0.015867273933112436,0.019920330252526118,0.04505301401091034,0.028839500593177914,0.024049461960728293,0.02401740366368781
0.0014534883720930076,0.2641660471227999,0.0014534883720930076,0.7163482522645546,0.0014534883720930076,0.0020764119601328684,0.0014534883720930076,0.011595335164140635
0.7459677974720005,0.09738566067712978,0.01593506336554612,0.019810489235356707,0.04454796842863539,0.028690859048988604,0.023866783369560253,0.02379537840278274
0.0014367816091953867,0.26387305371585984,0.0014367816091953867,0.716865219241755,0.0014367816091953867,0.00205254515599341,0.0014367816091953867,0.011462055449610282
0.7482261825111162,0.0963755285635799,0.015905188131932205,0.01975155958417105,0.04405228556399615,0.02846914302871154,0.023678118736477623,0.023541993880015308
0.0014204545454545297,0.2635867192499866,0.0014204545454545297,0.7173704369694734,0.0014204545454545297,0.002029220779220757,0.0014204545454545297,0.011331804819501072
0.7506165162999736,0.09539220929509537,0.015735032063255487,0.019603888038332094,0.04359090763676127,0.02825456950505978,0.023447751952153907,0.023359125209368756
0.001404494382022456,0.2633068192664925,0.001404494382022456,0.7178643014898275,0.001404494382022456,0.002006420545746366,0.001404494382022456,0.011204481169843754
0.7528708192551763,0.0944610344573792,0.015560817968780886,0.019469292818446865,0.043118042635820836,0.02797829834328659,0.023251371758700876,0.02329032276240827
0.0013888888888888733,0.2630331392826317,0.0013888888888888733,0.7183471912430623,0.0013888888888888733,0.0019841269841269623,0.0013888888888888733,0.01107998693462327
0.7550413435588953,0.09347743699945787,0.015443006125938541,0.019294597182608914,0.04271832011601858,0.02777752776380536,0.023166435789122548,0.02308133246415291
0.0013736263736263588,0.2627654742434713,0.0013736263736263588,0.7188194680346878,0.0013736263736263588,0.0019623233908947985,0.0013736263736263588,0.010958228836440601
0.7570371568706395,0.09252898371487507,0.015544664208410443,0.019086425117505825,0.042344040356896685,0.027640252274215012,0.022983314756120494,0.022835162701337005
0.001358695652173899,0.26250362800950994,0.001358695652173899,0.7192814779395387,0.001358695652173899,0.001940993788819856,0.001358695652173899,0.010839117653435816
0.7594050455425733,0.09158430120237415,0.015382448783517173,0.018944958249683858,0.0418955454165603,0.027403444661653686,0.02278368992884345,0.022600566214794348
0.001344086021505363,0.26224741287735426,0.001344086021505363,0.719733552147511,0.001344086021505363,0.0019201228878648047,0.001344086021505363,0.010722568001248338
0.7613266536896679,0.0906319771004813,0.01523969769211343,0.01897333360329596,0.041514676756873134,0.027263881682954218,0.02254953843645656,0.02250024103815751
0.0013297872340425406,0.2619966491309891,0.0013297872340425406,0.7201760077553138,0.0013297872340425406,0.0018996960486322011,0.0013297872340425406,0.010608498128894637
0.7633421870991852,0.0896901819224892,0.015205351947786678,0.018978119343766375,0.04108395523315449,0.027082848773612042,0.02232067774023238,0.022296677939773427
0.0013157894736841986,0.26175116462138953,0.0013157894736841986,0.7206091485082154,0.0013157894736841986,0.001879699248120284,0.0013157894736841986,0.010496829727537856
0.7651414064416547,0.08894637046951585,0.015096766548645536,0.01880079980101653,0.040808866102728054,0.0268705238532776,0.022217742822255537,0.02211752396090629
0.001302083333333322,0.2615107943724066,0.001302083333333322,0.7210332654954316,0.001302083333333322,0.0018601190476190317,0.001302083333333322,0.01038748775120934
0.767283678187844,0.0880308090568431,0.0149810634670265,0.0186523225890513,0.04041537136674207,0.026646760109456474,0.022067097118668628,0.021922898104367892
0.0012886597938144221,0.2612753802110316,0.0012886597938144221,0.721448637802499,0.0012886597938144221,0.0018409425625920321,0.0012886597938144221,0.010280400248619558
0.7692323365303385,0.08716810888201666,0.014917288493161476,0.018617563237508763,0.04002864282933468,0.026437105147811262,0.02186605865803753,0.02173289622179114
0.0012755102040816226,0.26104477042029683,0.0012755102040816226,0.7218555331237079,0.0012755102040816226,0.0018221574344023182,0.0012755102040816226,0.0101754982052663
0.7711805553728383,0.08632962752480054,0.014788986178293278,0.01843419080392714,0.03971057885139828,0.02627211401819503,0.021765133377253804,0.021518813873293578
0.001262626262626253,0.26081881941321333,0.001262626262626253,0.7222542083374176,0.001262626262626253,0.0018037518037517903,0.001262626262626253,0.010072715395112099
0.7730577975753348,0.0855113621681339,0.01476403284796369,0.018292756043955576,0.0393221811373833,0.02613694572651111,0.02160556809814416,0.021309356402573414
0.001249999999999991,0.2605973874262715,0.001249999999999991,0.7226449100468532,0.001249999999999991,0.001785714285714273,0.001249999999999991,0.009971988241160981
0.7750960633935167,0.084672072037679,0.014689474610459096,0.01813028179515823,0.038948984705701135,0.025894255968766863,0.021415031287432697,0.02115383620128651
0.0012376237623762292,0.2603803402311503,0.0012376237623762292,0.7230278750887751,0.0012376237623762292,0.0017680339462517562,0.0012376237623762292,0.009873255684317806
0.7767901485671972,0.08401315674712581,0.014558451070779405,0.01804813522642539,0.0386194589899418,0.025642919149443423,0.021278844249304707,0.021048885999782323
0.0012254901960784233,0.2601675488633844,0.0012254901960784233,0.723403331012228,0.0012254901960784233,0.0017507002801120336,0.0012254901960784233,0.009776459059961754
0.7786604917520721,0.08320458441238773,0.01448692068784354,0.017961648485175438,0.03830326357675396,0.025395064788723762,0.021124988535304385,0.020863037761739145
0.0012135922330097013,0.25995888936683725,0.0012135922330097013,0.7237714965294002,0.0012135922330097013,0.001733703190013859,0.0012135922330097013,0.009681541981709701
0.7803380547222728,0.08240558611288336,0.014444006263130858,0.017886348892308487,0.03803050347087447,0.02517394992334649,0.021054334912812073,0.020667215702371317
0.0012019230769230698,0.259754242552916,0.0012019230769230698,0.724132581940473,0.0012019230769230698,0.0017170329670329572,0.0012019230769230698,0.009588450231885572
0.7821044152957036,0.08168896241966613,0.014353609415444443,0.01775903270171879,0.03770398874033889,0.024943683387659458,0.020906541460506373,0.02053976657896228
0.0011904761904761839,0.2595534937735457,0.0011904761904761839,0.724486789534192,0.0011904761904761839,0.0017006802721088344,0.0011904761904761839,0.00949713165824857
0.7839010231038016,0.08095372427424138,0.014299322154785337,0.01762039509625008,0.03736259326573608,0.024778671365724307,0.020717670363930733,0.020366600375530224
0.0011792452830188618,0.25935653270699366,0.0011792452830188618,0.7248343139657655,0.0011792452830188618,0.0016846361185983742,0.0011792452830188618,0.009407536076566983
0.7854137025044908,0.0802490946549461,0.01429727912453695,0.017468377740678134,0.03716090511700959,0.024652625191510937,0.020532277576710355,0.02022573809011702
0.0011682242990654148,0.25916325315570427,0.0011682242990654148,0.7251753426135711,0.0011682242990654148,0.0016688918558077357,0.0011682242990654148,0.009319615178655144
0.7869525675414054,0.0795665744199338,0.014176849384534772,0.017370429572747606,0.036851445790081844,0.024509022262932518,0.02051518928230981,0.020057921746054284
0.0011574074074074021,0.25897355285536466,0.0011574074074074021,0.725510055916047,0.0011574074074074021,0.0016534391534391462,0.0011574074074074021,0.009233322445519452
0.788588476976237,0.07885314687712192,0.01412365668239994,0.017256176237086588,0.03659066915106456,0.02433941712332417,0.020366936169493092,0.019881520783272738
0.0011467889908256831,0.25878733329448084,0.0011467889908256831,0.7258386276900372,0.0011467889908256831,0.0016382699868938333,0.0011467889908256831,0.00914861306528533
0.7900103564113017,0.07825181719626534,0.014149302677748018,0.017208224527752943,0.036324492934113974,0.02412526245377268,0.020215227108431773,0.01971531669061391
0.0011363636363636318,0.25860449954379494,0.0011363636363636318,0.7261612254317729,0.0011363636363636318,0.0016233766233766172,0.0011363636363636318,0.009065443855600921
0.7917041457918372,0.07757808994939945,0.014055069861184988,0.01706425461508703,0.03600761340951933,0.023954483283744766,0.020065340727313228,0.01957100236191382
0.001126126126126122,0.25842496009492316,0.001126126126126122,0.7264780106015855,0.001126126126126122,0.001608751608751603,0.001126126126126122,0.008983773190235151
0.7933027343407243,0.07689800449257038,0.013952671793557763,0.016926983235228846,0.03577188702865942,0.023745414212297356,0.019937420459848913,0.019464884437112823
0.0011160714285714248,0.2582486267076384,0.0011160714285714248,0.7267891388933657,0.0011160714285714248,0.0015943877551020356,0.0011160714285714248,0.008903560929608053
0.7946840659419799,0.07625223540803518,0.013867158884955978,0.016812635114226156,0.03553285296821484,0.02362041977529521,0.0198049317960716,0.01942570011122104
0.0011061946902654832,0.2580754142652613,0.0011061946902654832,0.7270947604897162,0.0011061946902654832,0.0015802781289506907,0.0011061946902654832,0.008824768355009754
0.7962034110792527,0.07560465116712684,0.013788723240771596,0.016667366394768506,0.03527654066546491,0.023493181710694318,0.019667684282861215,0.019298441459060026
0.0010964912280701723,0.2579052406376628,0.0010964912280701723,0.7273950203036745,0.0010964912280701723,0.0015664160401002464,0.0010964912280701723,0.008747358106281602
0.7976873659863852,0.07503797754859237,0.013697159084142098,0.01653146504052257,0.03498365726531795,0.02332950442252617,0.01958810720827475,0.019144763444238797
0.0010869565217391276,0.2577380265514138,0.0010869565217391276,0.727690058207825,0.0010869565217391276,0.0015527950310558968,0.0010869565217391276,0.00867129412274872
0.7989623218291542,0.07442669551143236,0.013646222115579724,0.01640967148985734,0.034848056571899155,0.02317215299414559,0.019512165119627292,0.019022714368304383
0.0010775862068965493,0.2575736954666519,0.0010775862068965493,0.7279800092515589,0.0010775862068965493,0.0015394088669950705,0.0010775862068965493,0.008596541587207785
0.8004361719529429,0.07384648035377284,0.013571551067727717,0.01629719921455683,0.03459194672222504,0.02302226281337705,0.01935755274714043,0.018876835128257188
0.001068376068376066,0.2574121734602619,0.001068376068376066,0.728265003867195,0.001068376068376066,0.0015262515262515234,0.001068376068376066,0.008523066872787208
0.8018291916453434,0.07322573843174494,0.013539402900536809,0.016198760400720297,0.03438918233858252,0.02288435612226645,0.019209781912690942,0.01872358624811471
0.0010593220338983031,0.25725338911499723,0.0010593220338983031,0.7285451680656168,0.0010593220338983031,0.0015133171912832906,0.0010593220338983031,0.008450837492509352
0.8032855163157033,0.072633785920835,0.013429093413314216,0.016116770355464407,0.03411393467414666,0.022699795393249653,0.01908501715221797,0.01863608677506862
0.0010504201680672253,0.2570972734141908,0.0010504201680672253,0.7288206236220484,0.0010504201680672253,0.0015006002400960363,0.0010504201680672253,0.00837982205139583
0.8046355990600148,0.07203296605963372,0.013334358200975048,0.01603155788783953,0.033889489524147505,0.02252921934171197,0.019027667856636954,0.018519142069040397
0.0010416666666666654,0.2569437596417311,0.0010416666666666654,0.7290914882525393,0.0010416666666666654,0.0014880952380952365,0.0010416666666666654,0.008309990200967534
0.8058532740312278,0.07150401955109859,0.013323788868896305,0.01592495208155529,0.03366271732141781,0.022357870022154943,0.018944345071364433,0.01842903305228491
0.0010330578512396684,0.256792783286998,0.0010330578512396684,0.7293578757817,0.0010330578512396684,0.0014757969303423836,0.0010330578512396684,0.008241312596000862
0.8072016993315339,0.07099645882120835,0.013229573945040412,0.015830330438794924,0.03339248907836413,0.022226366385189968,0.01881199030328065,0.018311091696587734
0.0010245901639344254,0.2566442819544737,0.0010245901639344254,0.7296198963021857,0.0010245901639344254,0.0014637002341920365,0.0010245901639344254,0.008173760853410693
0.8084039372607872,0.07047104554304727,0.013154459728648892,0.01572003777380702,0.03319579470986366,0.02214653898890292,0.0187420202443894,0.01816616575055349
