0.01911019765051864,0.028792794557843702,0.02371662817660388,0.05402617415423702,0.12114988847292048,0.041947463785652166,0.2808434114857261,0.4304134417164979
0.19420697394110703,0.14561532852637016,0.01052224258274663,0.22096964564965482,0.011097195397471045,0.21365388651690742,0.04085422594757598,0.1630805014381669
0.08382110836535392,0.07010369653299021,0.06214892498095568,0.15722771401597477,0.17013749590251245,0.24441649080844965,0.061709870280448186,0.15043469911331503
0.038054787238495424,0.35887619000248133,0.09878551388972685,0.29162499356334315,0.05675254860072152,0.06409673794653291,0.00850857726437934,0.08330065149431959
0.017855655303969053,0.3036017281507997,0.07949093123911094,0.021765679055333477,0.14419539132723122,0.4131264980689043,0.005593345873377337,0.014370770981273791
0.11805004157149616,0.41012808735516354,0.003887431300640981,0.24708771753454034,0.003923082343231673,0.17446958399903115,0.0282931973313839,0.014160858564512165
0.002986982837264398,0.03583355205050799,0.08543284515676244,0.10581016647139829,0.10858111138275653,0.4298820069818056,0.12805227404064035,0.1034210610788644
0.08361706536416609,0.34507013322517766,0.019222701331965318,0.31694259010099135,0.0051913761345504265,0.12720849997790407,0.035636534856315,0.06711109900893007
0.023478419151909846,0.27260640709824796,0.06060001758960818,0.11360808464574933,0.19105845229107288,0.2484672410116908,0.06435516298401778,0.02582621522770314
0.023193258413882645,0.2315472220928014,0.1973550068499887,0.3106279661094898,0.13144802473979011,0.06487053188586267,0.02701523431419456,0.013942755593990103
0.15800418297926322,0.11534543173458328,0.1411624608446312,0.0781443949851745,0.06696772780828347,0.21699795247070672,0.07729640688563896,0.14608144229171866
0.11722568555253936,0.10258784793469344,0.08726988362815245,0.42172354219560826,0.07069330306083146,0.022783239742672906,0.15319655275455948,0.02451994513094264
0.09054012940453107,0.15973354486955238,0.0884843837726922,0.025013615206805218,0.008962603059268695,0.3508220038345823,0.07983937619065626,0.1966043436619119
0.01137746336141726,0.102667469821277,0.11020658248684581,0.3698649371292934,0.08338130364554631,0.09698049580206641,0.02284542935550008,0.20267631839805375
0.029414769892039134,0.25892716762686435,0.16003384310270186,0.021486345069128384,0.04894595645941134,0.29593535952506905,0.038700253876258583,0.14655630444852738
0.10468026842067678,0.3745549598344684,0.01622120100282222,0.334075241026222,0.07045984453837588,0.034610295507258776,0.043980612342141394,0.02141757732803455
0.10722984867118893,0.2708451742337786,0.132743177625744,0.10851581060577002,0.12868516908433505,0.08730417859244578,0.039209242592295086,0.1254673985944426
0.13306611955332195,0.16665380609284,0.1026441005172101,0.4073319667940525,0.04496374508558147,0.062222136760842164,0.056893669222261155,0.026224455973890632
0.06582149521596917,0.2754200735309217,0.13707931262548204,0.09077023965584965,0.030728324803941057,0.2649398526339435,0.12848160800864133,0.006759093525251456
0.11738675944357407,0.15230191862060224,0.06737271144132868,0.37516821673680906,0.03956091185365904,0.15387694302154625,0.013966654291735017,0.08036588459074552
0.16646967272905716,0.12880556114932148,0.1084622945151341,0.0829877376336941,0.09878309963280194,0.28570713308643547,0.09005558407625604,0.03872891717729967
0.015620081135160802,0.1297866727312975,0.0562314188819928,0.4649502860258167,0.008001015226365354,0.09384697458481536,0.10120760686511328,0.13035594454943825
0.053872656699991216,0.2573435020101246,0.1257501142204492,0.04858358491069807,0.04469171371166606,0.26379351935190987,0.04288457333601558,0.16308033575914532
0.02658654643217556,0.267982439523086,0.031489003664946245,0.41772631801135823,0.055645781341663994,0.01613215024252498,0.05288254163819126,0.13155521914605386
0.024926680674644375,0.46643210982812744,0.08430811814773617,0.0652677888687616,0.08494480921851694,0.1324008030855146,0.08543610953754517,0.05628358063915366
0.050118508539926554,0.23654210343718746,0.002674646070201576,0.25525686411239096,0.11905210657618838,0.15439497192849533,0.04864728788792647,0.1333135114476834
0.10130391733256865,0.45895586267573485,0.05185719581689609,0.00445869968790227,0.034279219858796076,0.16646371409482424,0.09772347174595787,0.08495791878731998
0.025752251215516834,0.2900980179427382,0.07904351066699913,0.3461565329254162,0.04408107548469678,0.12124903416127669,0.03479166010881316,0.058827917494543115
0.10469997848388864,0.5539065180951948,0.05249634813494457,0.0140285529241414,0.017860030395026785,0.108287627355596,0.07057393116163221,0.07814701344957571
0.09872547617773299,0.3477751392510505,0.0068951398743776395,0.1414284637034991,0.05359200379874897,0.11837404394053377,0.1253480150268894,0.10786171822716761
0.0006617129364903146,0.5479467108673779,0.09050106823153961,0.013216339747485971,0.004544774868361286,0.214216912702572,0.08079542122396938,0.04811705942220368
0.05277046117520333,0.36463685981658084,0.04441570562936475,0.35486331560587026,0.016845223502092038,0.040991895886278655,0.07459894369298375,0.05087759469162648
0.11333665231398912,0.4018637508353665,0.011922465394816107,0.04731890117196408,0.06195892080449377,0.2559674850892378,0.08553016031446029,0.022101664075672482
0.08059924249660605,0.3363609518806466,0.08813456328422783,0.224271004734361,0.11681806096139805,0.06187363851159951,0.0012366386208744488,0.09070589951028667
0.10703709290975226,0.4763153151688242,0.044555213451748454,0.015169941934044936,0.046119258887988124,0.1361360122329816,0.033306956219733924,0.1413602091949267
0.027933604475630862,0.44664316530142995,0.03822281195507352,0.24555788185326324,0.04634650733976497,0.06769555821578947,0.055505069643252816,0.07209540121579508
0.1235716694712001,0.34692156971623,0.13023431384288323,0.07783757707275703,0.028677338158165925,0.2478358176651565,0.010823883979192019,0.034097830094415124
0.108042377536014,0.41370693910105927,0.0503021757297823,0.30317094985936854,0.034313417553815596,0.024890082112327926,0.016087025134872954,0.04948703297275959
0.16838368157535943,0.379412573820014,0.12079678298059901,0.05635021090059089,0.03563655001601518,0.19382088826606325,0.0012216068555877284,0.04437770558577037
0.07570841021877385,0.5083028128561241,0.0006874433657692523,0.1346682513222187,0.12711309824787206,0.06412017034073685,0.022087604024261565,0.06731220962424372
0.1942011262577349,0.413086861565199,0.04652736726790177,0.07520528587080048,0.03488459546111903,0.11799699340432387,0.03830211589494406,0.07979565427797697
0.07138821570899496,0.5305737182235981,0.04764626688171293,0.1598217309341632,0.085618191145411,0.008570798193297046,0.023792368508158048,0.07258871040466468
0.22764325665614615,0.3282933002169028,0.024644231773780254,0.08368074152035669,0.011597575410129696,0.16735441352383568,0.07486642832689591,0.08192005257195277
0.0638335093865321,0.61144064615531,0.06245562824328266,0.08255969316210782,0.01109370025648549,0.024951969981678885,0.007523965214879783,0.13614088759972334
0.18140762022174425,0.04056544746710312,0.05513643780661167,0.02839298160556493,0.19071025680973605,0.35601899577926494,0.09841773088866733,0.04935052942130746
0.027050639703100187,0.8117761893701484,0.026210741539543326,0.001516978617658837,0.09887418159089696,0.02619321717959615,0.003759111180793145,0.004618940818262943
0.2217594846338386,0.1740634712973655,0.0921982882555781,0.03682792003563218,0.05480886708251152,0.2694386938164122,0.06876114054107833,0.08214213433758356
0.08317842904705423,0.5982953869359537,0.026629486660336547,0.15434978251876244,0.0015207712488585572,0.05279915889925656,0.03999597052116569,0.04323101416861212
0.21618230582228426,0.254062361780572,0.029922911716271382,0.06420325410934671,0.021250010445263944,0.31531756399048855,0.033880463037163515,0.06518112909860967
0.015280183044630816,0.5142753586686848,0.004263950423503583,0.08180069979128671,0.04487258797903479,0.1007748593361254,0.09604792852916487,0.14268443222756913
0.11739884728312962,0.312812921924184,0.09827080249312731,0.05822984265692236,0.1424042204699688,0.21412739712560241,0.011198961253798245,0.0455570067932671
0.10317684995455095,0.450149198294211,0.07108794709788625,0.22284132977997678,0.017656522144390792,0.039736453319060755,0.084575677696198,0.010776021713725497
0.2139552206136456,0.15973153505991833,0.014043705547372828,0.12542553641895904,0.1412271989184232,0.2617534048940619,0.052013813701314866,0.0318495848463042
0.02689082557867339,0.5274589260822926,0.04251853636858999,0.1636925524956091,0.0008094820991914116,0.09009941264798609,0.054449014454321557,0.09408125027333585
0.16534950851764643,0.23382505210569499,0.04117058218076129,0.08358979834518433,0.22393268418618828,0.15806153359480132,0.016671713464376278,0.07739912760534719
0.03558924538974692,0.5670305478456025,0.06659847990632493,0.1928691062205292,0.04183812534060493,0.023950105668174404,0.06337768565120949,0.008746703977807762
0.23040226900354652,0.12841580263870603,0.12269772590104563,0.03563246889410436,0.1415904906955804,0.22364586843501463,0.05437679783113213,0.06323857660087041
0.1056447689411336,0.4477353771907561,0.0904351816639278,0.18138193524104942,0.057482466189889315,0.011880731214157928,0.00036423282183570304,0.10507530673725007
0.04452208580252047,0.3619925503663832,0.014423330360161642,0.14460458776958132,0.01919134116831748,0.30778797853219414,0.0008370166690164368,0.10664110933182525
0.0027355343740167962,0.47173315795902704,0.012671729365628614,0.2750196967829984,0.10755256185821098,0.0005427913109654236,0.06719868946281828,0.06254583888633439
0.2120623778831345,0.30164691594713294,0.004304202102513462,0.09664763904668977,0.20886608967978476,0.125176175996386,0.0440950086774152,0.007201590666943292
0.06498793908875726,0.5037790299064334,0.0656249255725033,0.21333129426200897,0.042649797242704277,0.06668416937628223,0.02664661578746816,0.01629622876384253
0.009670729226169511,0.23528459478939376,0.13487363536120553,0.027156359067173168,0.153492140491904,0.2861657478199081,0.11662143974783357,0.036735353496412305
0.018124491052829008,0.4505842900318239,0.025999009270813712,0.27712091626528196,0.06004476070931956,0.058208023986034634,0.02330247453264233,0.08661603415125498
0.27727076971528114,0.14322293555658783,0.09414428361101031,0.0192839820848433,0.21646667217228177,0.15660875220344103,0.04553761800684265,0.04746498664971187
0.08282081633934815,0.5055752738497804,0.02149314582262355,0.1313684892217395,0.008494182702573048,0.007165169250970292,0.18900329770212468,0.054079625110840294
0.31808129024625,0.19075636463093415,0.05394610712139946,0.041494557762842395,0.2830088985023762,0.09270162037929447,0.009151494885947681,0.010859666470955627
0.05212609645829315,0.39821677604886635,0.08411736096755783,0.26032710811488324,0.027332730969793682,0.013097946118817396,0.11611140741358718,0.04867057390820125
0.1930251858668931,0.2768613532635389,0.06388515367985732,0.004886835655125887,0.15495311112757917,0.23512093619417543,0.03888713356676347,0.03238029064606664
0.07499490520272159,0.39585354403802797,0.006878705154245281,0.3507580815194226,0.06297005734214596,0.026546380527863095,0.06884706795877181,0.013151258256801782
0.15301509224817156,0.3500941618578531,0.005566385447992695,0.0017904960083701218,0.12431569094587551,0.1892187431824045,0.05292555807699096,0.12307387223234152
0.014004814375837863,0.22224507804540716,0.00551461306803616,0.5143423086468695,0.090484881832789,0.03382803276142376,0.02024822801847174,0.09933204325116489
0.07882867821140747,0.20156800718109555,0.12001547556025714,0.013551483950488415,0.3509971088757485,0.11641764862924452,0.08225767450841151,0.03636392308334673
0.016900627741583393,0.33395062147227644,0.06276072310288057,0.33761704340999454,0.10220754878380829,0.018930145787734845,0.0695759495745175,0.05805734012720446
0.19819550058143964,0.24562291207720663,0.10907559750788459,0.037287338089549746,0.16891449826277163,0.20464709705699177,0.018617012819552962,0.017640043604603136
0.019908641056405153,0.42873252834464937,0.004863013160774932,0.3250076491177218,0.0035102673674670425,0.07950171474581978,0.04266198412839203,0.09581420207876983
0.06513940346330165,0.25500289891455874,0.1575585220836186,0.02991705229433962,0.2019994264762365,0.25025550362388194,0.01485814758925706,0.025269045554806187
0.060336055374491465,0.37973260820829424,0.050743858577166234,0.21742804672037316,0.09303919865093714,0.047059839929627,0.04457741309057742,0.10708297944853333
0.20270588779659754,0.41516216211184703,0.04310824026357172,0.015668829242240424,0.09568199036244257,0.15109937585094496,0.013358474334806098,0.06321504003754969
0.06880115645617577,0.22259485685094746,0.10485243394995875,0.2243200661602742,0.03445684416301551,0.1605739428334821,0.15052328727676303,0.0338774123093832
0.16531883783761775,0.3492101101668116,0.08134169710795988,0.05267911593536999,0.10455211098240175,0.11944111199976484,0.09300556734383297,0.03445144862624125
0.01102580844355008,0.2680278163603548,0.01007270824747251,0.5369728469947999,0.06137585241460306,0.0012476755118970835,0.08633369933894071,0.024943592688381845
0.14567626933250136,0.369430261000274,0.06373486896499674,0.05953433668100934,0.1344129978037189,0.10747744561406378,0.11157472813319072,0.008159092470245134
0.044288225075193824,0.3048592556837575,0.02260411881998926,0.43207604714179165,0.006548920050767554,0.09302270633271836,0.04753402811510622,0.04906669878067563
0.1693103725587407,0.34937853057228124,0.03982320442115777,0.06849314629183466,0.11205715147251936,0.15299724750194624,0.06369198361514149,0.04424836356637848
0.006462622854969026,0.2888784356393107,0.015702383715295018,0.42355530393129154,0.06900674730391036,0.06461254362755534,0.05518669209375641,0.07659527083391159
0.14086158623511016,0.3407761315307545,0.02913134667253217,0.05596681130325064,0.015554203902762347,0.2642498340812755,0.07134130022562538,0.08211878604868936
0.05589414923428699,0.3794285628960739,0.005223769357472331,0.2844069510124963,0.0807336318412121,0.04897135542879026,0.056727302487477246,0.08861427774219104
0.1556555683697048,0.2966517882883668,0.07714351377213753,0.015689183284831876,0.08544786707969639,0.2741038372681545,0.06676267592869548,0.028545566008412543
0.04105287321155422,0.4047658402972387,0.06887939356167766,0.4327917931176605,0.0017785986951058027,0.030631699188440928,0.019513814892626706,0.0005859870356954901
0.1418950738016491,0.23043671075457123,0.095581474118545,0.09990038875284588,0.2146610685048853,0.15323202463921543,0.01596599403025349,0.04832726539803453
0.04155091653171779,0.3132903841533904,0.04326910257834828,0.445772678802385,0.08240059715362358,0.018079032574420766,0.01902554610808074,0.036611742098033605
0.24414860334625937,0.4287815472105635,0.042766021190929544,0.031218238952910385,0.11156604778463507,0.08425479661465404,0.027806084764951413,0.029458660135096723
0.08718383741804875,0.30308132946177724,0.10792800347311153,0.3639058196907636,0.0230906683876761,0.024129064383462434,0.06040740297006993,0.030273874215090466
0.18454125327868867,0.30034151110432705,0.014307105636444512,0.07578503857788807,0.15464516771763598,0.15725191531336297,0.09622772066138616,0.016900287710266467
0.04554174545372141,0.23861489217490722,0.011844141612160604,0.3305090356237397,0.15173587786978868,0.02294928225577197,0.06410359307585224,0.13470143193405806
0.26594371803521927,0.3043323399352826,0.122958588762968,0.09166687263930838,0.003205297294522968,0.1666939148816867,0.04047334549437728,0.004725922956634865
0.02530661552193056,0.39642007607398705,0.019916374011512004,0.4129183151120374,0.08636646235394642,0.036825002343837565,0.01001297317512761,0.012234181407621279
0.18324957122362479,0.24492956888852224,0.0015855677916808868,0.10287928651531737,0.13377595576595966,0.21898105677344207,0.009050432507391694,0.10554856053406143
0.11050431765970234,0.21008464423172918,0.04707618410063633,0.37467375559416394,0.12142052601289752,0.06817843029809996,0.025858629972030225,0.0422035121307405
0.2406794482350834,0.3633225617850366,0.08976106457475559,0.05638697616821509,0.020899735285571482,0.138856430139103,0.05001992448326509,0.04007385932896958
0.07936353658267849,0.28464409664955087,0.07464734756029741,0.31874040461878345,0.11919462845456431,0.0009501683097308366,0.0663954601425644,0.056064357681830185
0.3123172154497602,0.3270313223237078,0.016246964944530942,0.028966797926499917,0.033744835041237445,0.1882143316208583,0.09251640304727717,0.0009621296461282203
0.11188141350542936,0.29573787824175085,0.0030355952617122793,0.3748080834460556,0.0008118718709554885,0.16219220414122867,0.021565901696791807,0.029967051836075828
0.17793905818866843,0.390146406573502,0.12146517779239024,0.004198214468911837,0.1508884372079777,0.1246512843775994,0.004576664021514236,0.02613475736943611
0.006738640789704205,0.331367783104137,0.0760484798769751,0.33255936308033496,0.05346793200809648,0.049265027578691244,0.13653082936162764,0.014021944200433312
0.29621564904656356,0.2695625314973648,0.06588065859485386,0.06276984584995393,0.12094289986909988,0.13205218893777465,0.019534013673609102,0.03304221253078021
0.013310098560400168,0.434236811743325,0.052732648354407156,0.4097248323574722,0.0004841798473773668,0.04887297672947082,0.006389926135340401,0.034248526272206634
0.11174242253157925,0.4610364908392571,0.12468407674793357,0.05670032920407193,0.0728950211464531,0.11431221914114492,0.005371511706688246,0.053257928682871894
0.03643619824888977,0.4254433044743517,0.007716280396660698,0.4057608847651564,0.01267624751628303,0.022918724973807803,0.051759697093868906,0.03728866253098155
0.266419083402569,0.23742864621051477,0.008465928188391812,0.0715763734907777,0.07802838610512575,0.23732929990022084,0.051039066201075525,0.049713216501324584
0.028551144323441104,0.36217540225806893,0.12405132294132394,0.3663427233489232,0.00463353869004829,0.1009065229081979,0.0014891559853512763,0.011850189544645345
0.3366905576862309,0.352248750621355,0.010857094021736294,0.0017129765410108795,0.02293930265374413,0.11454592847221931,0.0767407747904986,0.08426461521320487
0.007543935814374459,0.36751159510708703,0.03086438634575374,0.367297489851155,0.058839485769392956,0.0638954612461254,0.002189365418054428,0.10185828044805698
0.3318730289812952,0.32709127784482794,0.054919881553433685,0.006575420868612322,0.06499474985786417,0.04575482928799288,0.07586855136814248,0.09292226023783152
0.08801742379459004,0.40074044102841655,0.005790608545474423,0.27768861981132265,0.004710229645817784,0.06779053945518916,0.07356854881612614,0.0816935889030632
0.20417719155864433,0.285001066715863,0.04438663005243591,0.059686071761424334,0.2019223022752259,0.06855068044312214,0.09731769059871025,0.0389583665945742
0.07867276891887115,0.3141119406235821,0.11021680245181452,0.2937862936332047,0.05577735736836616,0.00768469899552361,0.08286362010071258,0.05688651790792508
0.24055679690400822,0.3322178296784605,0.11100881120251332,0.021080544436396953,0.08476214102929143,0.15756862346325554,0.039966894062604195,0.012838359223469934
0.001766445257718983,0.28272758422410477,0.10528037075423562,0.34767150581207384,0.039086809282822245,0.08191424654786268,0.11269833791388482,0.02885470020729707
0.2758876444783535,0.2638212302952139,0.07903176140071605,0.052496633733769345,0.07916514900314256,0.15560195906256608,0.0544162471455879,0.03957937488065082
0.0005556241520768375,0.4428611944942218,0.016904888314469464,0.3831080141804296,0.016710966575574044,0.028103398792439088,0.060973127712184216,0.050782785778604934
0.30834605824794414,0.18511545097006935,0.10829168268221466,0.013092853079048516,0.11334785862596816,0.2251373400605048,0.021530518469828133,0.025138237864422302
0.027238867262593197,0.5180122534392689,0.0326027359399384,0.25890014144046963,0.004758462729975439,0.02224514741367249,0.07424206126215847,0.06200033051192312
0.12271734910857081,0.43451010637032816,0.08656330016535545,0.02841481576401976,0.10066126953773438,0.10299577580344577,0.06952684770327068,0.05461053554727492
0.055157043155562316,0.5649770955940173,0.0597785356560548,0.22533981606289563,0.018579478618240927,0.011508708813953383,0.039936815615668954,0.024722506483607007
0.3975538471931506,0.30485446801315336,0.0696606268037083,0.017190385543179018,0.08105393202401304,0.03880205221000579,0.0424467767376559,0.04843791147513388
0.02180748017681149,0.3855094341016471,0.03269903659380177,0.2775657034996267,0.10988992587864209,0.02970389663209871,0.07529765520893998,0.06752686790843214
0.20174615499841414,0.21877671748462207,0.12707264935065948,0.03674659701123549,0.09269994419413989,0.21864568028399345,0.002351724748003162,0.10196053192893217
0.007412524451168939,0.6196147509504176,0.05736931529667186,0.2531621968139364,0.005551892194947995,0.017378267083479688,0.021538932898989078,0.01797212031038847
0.13259117310701685,0.280679125143325,0.06264159064522798,0.13503701598751233,0.17036102504596304,0.10841941647053652,0.02455773888350915,0.08571291471690921
0.0336634401558905,0.46975145504410126,0.033298781484242715,0.19670435045457388,0.1007033378359043,0.06924464588587428,0.007721798329270454,0.08891219081014268
0.34933301966191327,0.3607301749205694,0.013577402019362542,0.10353643032709259,0.048239311794380305,0.012012793712257667,0.05801796808302003,0.054552899481404196
0.015315971541138044,0.6111130524310168,0.04313513305493641,0.16407786665845167,0.0011255888379788498,0.021550199296533276,0.1252964830297851,0.01838570515015978
0.2592841430443039,0.3518902412461142,0.036621976502311984,0.07074526934729972,0.04820657743335766,0.1284367811115625,0.09596330125484852,0.008851710060201546
0.012651435458529644,0.5465556417406517,0.011691120532214673,0.13977704348406594,0.06243262193876064,0.058863605711832565,0.032770251684220195,0.13525827944972435
0.2933422320186102,0.36771855148243443,0.1823585542687175,0.010552662305327238,0.011005558447960815,0.04690040683822061,0.038813889371181555,0.04930814526754771
0.012610492654064146,0.5351433539027574,0.13000084511112459,0.2135427655475545,0.07563606938604461,0.0039182198502023865,0.00904508336764328,0.020103170180609146
0.20779705754335298,0.2722920331186075,0.08492485103871623,0.0471355326535014,0.12672714992615702,0.18154506127596826,0.011795086021913707,0.06778322842178279
0.013240007600491842,0.5738659828651479,0.15628468293930087,0.14116364089237604,0.019469661642749037,0.021118868363194824,0.04952640637701745,0.025330749319721776
0.32526234363622164,0.3718093101390459,0.00865551000750905,0.06310849761740674,0.04575835032125618,0.04160889527744573,0.05480641526179434,0.08899067773932033
0.013056421889736235,0.6148349856125254,0.022393787308535567,0.19290516917368605,0.021395807702782797,0.12030995526125463,0.01179963015135536,0.003304242900123976
0.22627631868469403,0.19847063529790254,0.10078271271722193,0.021258304438457342,0.17911081299787057,0.22268779287056042,0.045648501311019496,0.005764921682273782
0.0554770288960534,0.6178221502466905,0.006622110170693996,0.13898658415871595,0.024416647562717192,0.10567433711986839,0.046433890514194,0.004567251331066497
0.3569928935870981,0.46645554815533974,0.05075221826172173,0.002809500111402298,0.03133970744102066,0.06563156338540482,0.004602220027529231,0.02141634903048356
0.03588406973706189,0.6801644425018977,0.0017958495572620737,0.11398198153461742,0.02052412663855659,0.04555107816825583,0.08521442214280334,0.016884029719545078
0.28221651890157207,0.33697330256385954,0.05050312850278325,0.0024130674127375816,0.02461019420308317,0.12521921053268711,0.026980423211807113,0.1510841546714702
0.00501911272996075,0.5143997078889183,0.09734981280221137,0.2208018471363329,0.09102972547100933,0.029782471794834398,0.03254147775191882,0.009075844424814057
0.19011175600128102,0.32916857948479705,0.040957285349684264,0.12322949542842829,0.19214190854054447,0.07651958498299036,0.03391265575038682,0.01395873446188746
0.019436323657780523,0.6042181434178101,0.0542727602362388,0.1712017630152424,0.017878405226097044,0.1047651054509707,0.02647475166789354,0.0017527473279669306
0.20974537149033776,0.3004526443340781,0.05177212707258323,0.05085864563373798,0.20250987631760747,0.09010067865742044,0.06632557097342293,0.028235085520811977
0.010024953644043124,0.5869004204247198,0.05338053046964301,0.08708818152867709,0.1277830500276237,0.023801030777564982,0.017278313677773566,0.09374351944995468
0.3024737400124349,0.29387452549368515,0.05069755427121054,0.01569059083279387,0.07286873514660332,0.10677998563724936,0.14354241279142102,0.014072455814601948
0.10637995245430185,0.6111251272241809,0.031389933974608854,0.11993504278707154,0.007185092302048297,0.006911259102030662,0.03905759293482983,0.07801599922092786
0.4076777241975071,0.19957552860325312,0.003329729298998479,0.044205531005139,0.2249312398407092,0.07985354526756441,0.035858412896239644,0.004568288890588941
0.05843078630493051,0.495601137879022,0.04831320979302171,0.18830171678278027,0.07605969924605385,0.08566840436471809,0.009902316962928252,0.03772272866654513
0.24344804133692668,0.1848839186231464,0.06128605722067614,0.015480085673350193,0.14434987494244597,0.1243237914855458,0.10168893923805394,0.12453929147985489
0.049264630240104475,0.5355631579113193,0.04362958572989277,0.21807878672661857,0.04760820953647829,0.01633046430111809,0.0057527371022596105,0.08377242845220882
0.28680003265812104,0.11574174879828013,0.057184982777231615,0.1040179096672743,0.08516630190700646,0.12880085819431622,0.10641096022669111,0.11587720577107916
0.0008996416526645489,0.5680633765684397,0.05277299375048571,0.23966085738232418,0.036351496683931436,0.0015502286126331214,0.09198189067409807,0.008719514675423432
0.18010571784446866,0.08774993357531342,0.06660984911234441,0.0012278150850090366,0.2483806881668081,0.23743538745160792,0.14852801104480776,0.029962597719640764
0.0357744573287968,0.4636210902797912,0.03406373499780458,0.24068743105303564,0.0022025500132226584,0.030499136876202086,0.07952461543225546,0.11362698401889149
0.25911001788427235,0.3022936783583597,0.0033390612101611727,0.04824918632410068,0.14583886867832543,0.2065497542781088,0.0013784718085268599,0.033240961458144994
0.02885625851506175,0.5336003666465544,0.044340344663498565,0.2959391057571326,0.02558022328782649,0.00736464647468174,0.033192326884091926,0.031126727771152374
0.295305429545986,0.20709696509544312,0.03419504389147523,0.018721529204384208,0.1913397734758831,0.1710765826349365,0.034127743254318985,0.04813693289757287
0.04986287993601939,0.4506949930738461,0.032580281793960476,0.3572513769219698,0.02971817235548563,0.00702289034772935,0.027079212045649302,0.04579019352533975
0.2564985087947895,0.18803651375073113,0.02745835676033097,0.05101989625087706,0.2248034433267975,0.13856717043779107,0.10133371889024353,0.012282391788439161
0.008568801702539848,0.42330284948254027,0.03747013125353113,0.3441818113857953,0.025999959164542542,0.05878506144511342,0.06716877790240018,0.034522607663537486
0.32575833128412507,0.18755625087446318,0.02634273651759916,0.09250373891335538,0.1906758901586341,0.1315030447701263,0.04187326411199307,0.0037867433697038213
0.07063513202717397,0.4551906503970946,0.02427309408551239,0.21201933422162156,0.06946163383876772,0.023644297078479398,0.09335246481775449,0.05142339353359591
0.1584768621711259,0.2066706285758806,0.040407529423262985,0.15268353996696285,0.12653608122613666,0.18646932375047853,0.0037479993511517038,0.12500803553500056
0.04029654117643412,0.5046672375984439,0.14506003281280633,0.1741194948574144,0.037868654020746705,0.03300914390234845,0.038835932149699375,0.026142963482106825
0.2248403638009752,0.29982443114718843,0.06673897254195649,0.04290722433906039,0.18148183032967308,0.09105391696446577,0.07451489762907794,0.018638363247602634
0.0651862948120563,0.3954182979723198,0.0380217440141684,0.3860892459710743,0.029063456216703056,0.04799734655690727,0.00950249121257971,0.028721123244191054
0.1631414417286897,0.3360869930804619,0.021832414410286414,0.054941003672466585,0.26044983821273254,0.003776915831389914,0.0887347379759675,0.07103665508800557
0.11070603771204386,0.43074240351369747,0.01331780763807467,0.222094140583476,0.052577989792933974,0.04744521852859446,0.05855880904818896,0.06455759318299056
0.33744599537555187,0.26845431361430616,0.02433383975581027,0.07467691330171829,0.046520241479858566,0.13113388799839,0.02496557054747335,0.09246923792689155
0.01931325223563853,0.3461860171752191,0.009816240900894713,0.36915501472527246,0.014489083936166696,0.08712058026551071,0.10433390462538464,0.049585906135913155
0.19386501321599003,0.20477146009838396,0.1257024072387785,0.06743419212476369,0.16913748558587366,0.11014331758411003,0.08549793047126203,0.04344819368083814
0.04303372321170771,0.39269281875179535,0.13439060163815553,0.319330232307931,0.041347578454821586,0.0208547666571782,0.04631630105815423,0.002033977920256308
0.21920225202775367,0.2826117217642823,0.10091237239975111,0.035444736873247173,0.10883881191410201,0.12860448875855882,0.03740463683188817,0.08698097943041688
0.11102841228260936,0.4223827382067971,0.006526160172495137,0.23638414218129886,0.04515551319137789,0.0675801703217434,0.08659930950310708,0.024343554140571117
0.22140499542362524,0.182201355634411,0.0035096084498269283,0.008398765306913747,0.37950021839707226,0.1631577081332008,0.03766062022314834,0.004166728431801649
0.03686214594887137,0.3134977865224928,0.11679724144444859,0.41622035798661633,0.01392672889035192,0.01974276468332992,0.05812329046223359,0.024829684061655373
0.26899952292785423,0.19098472087107213,0.06530356499208852,0.05722949733596229,0.19632437772681965,0.0680139827793194,0.047777680928979216,0.10536665243790456
0.07878099071487309,0.3717933188825467,0.028766751728093412,0.35038128592935097,0.03753081881305529,0.0300887357813315,0.08184975624519816,0.02080834190555083
0.21184191295500412,0.261487016547093,0.06173225572415452,0.038140104963560996,0.22872093849035968,0.09922327747275626,0.03163998037189728,0.0672145134751743
0.05735589766473266,0.35391633019898483,0.052907600246164734,0.3426574973718251,0.039204839074408186,0.05246445616443028,0.05458266059817051,0.046910718681283825
0.24407164890860655,0.3030723183261641,0.04514136835136717,0.0034919947644171715,0.2225740205611651,0.08324593322192965,0.04149401608301849,0.05690869978333184
0.06527794178348967,0.2760151605991242,0.08680613209310858,0.3404656592152443,0.08337848401447483,0.056317554475697314,0.07802344677570851,0.013715621043152604
0.31052963147436785,0.2533169891077491,0.06684452400585147,0.03209296240181317,0.14133200254399694,0.12348551621758913,0.037378727194766086,0.0350196470538663
0.05952983227901794,0.34918577266962353,0.05296904405689713,0.41021208804365317,0.030230391697677692,0.05417374244731584,0.0007307281850500338,0.04296840062076474
0.28993963950849255,0.2871086503832755,0.05302785233638177,0.039688511478593674,0.07680527850207661,0.16961715290293217,0.01780149707240626,0.06601141781584145
0.015810197606769025,0.41897997100909706,0.05426881464066166,0.34777387007667554,0.01724760134585145,0.04577657983417441,0.06693193818540062,0.03321102730137039
0.39904302506014766,0.2815746730892579,0.051987544477268346,0.02430889123704899,0.04675398858238862,0.10343191245131536,0.003755003005425151,0.08914496209714805
0.09032515991436518,0.34346498047965435,0.13001895873507976,0.2788042447894363,0.033425693362785815,0.044031441840423756,0.02605908147200428,0.05387043940625067
0.25714739049748336,0.1935821897060696,0.011363677693404068,0.17315665487397075,0.14689566648345856,0.1352436037987662,0.008045131364764072,0.07456568558208329
0.04905790160472358,0.3126746667328792,0.08825070807413525,0.4604470476155481,0.016856321096211734,0.02344773671931394,0.03323289134093314,0.016032726816254957
0.29604525218233657,0.18215207503217554,0.01820011550394718,0.04723924999825611,0.2415937169241653,0.13035432780602377,0.030459800637497727,0.053955461915597656
0.007996931767819546,0.35761746993554505,0.023105993686251724,0.3893950360434461,0.009891358221573042,0.07779153775784645,0.04575555932498676,0.08844611326253142
0.39763546136704625,0.18668964061482352,0.014399934161803674,0.031291787113059036,0.156384046782873,0.10092613478469717,0.04677714097556388,0.06589585420013344
0.0005945300334385206,0.31530544729376386,0.14410648014603683,0.35563813685037454,0.023347103137549303,0.07211448294949481,0.06424405829901096,0.024649761290331224
0.35301231210239653,0.17574326586413128,0.01390886788113726,0.03569867755494298,0.1673743230333909,0.17828114666561012,0.029390153851158864,0.04659125304723212
0.00649130707925623,0.3924953014652153,0.00925804905582589,0.37369800146712795,0.08662104969749418,0.04556735100465698,0.039700044177834834,0.04616889605258875
0.37714152039096654,0.2318092970634776,0.022331756474644436,0.033644378946175856,0.1101810843752256,0.10241714610799763,0.039839619729267056,0.08263519691224533
0.003852562729899265,0.270443198185904,0.023787122753545827,0.43090458209110233,0.13070485482899855,0.0009362856951785202,0.007366492317556129,0.13200490139781548
0.31944804940258786,0.17900276218005634,0.13562594622769075,0.045153179759628105,0.11617690245772529,0.07227486313346969,0.06291831250686533,0.06939998433197665
0.09769219536915208,0.23903210513785123,0.070674762705294,0.40111637377027,0.029813388585466956,0.008740107153551856,0.11226585261346499,0.040665214664948886
0.3905196690397345,0.2733989185349612,0.02406943192838064,0.039149169755790116,0.03902229428951215,0.11479132631221645,0.07049982463436362,0.04854936550504141
0.006458298933129143,0.29692085910623,0.04507295643467232,0.4650608815336802,0.012477974090368002,0.11768223680451531,0.004791754835819292,0.0515350382615859
0.31512100286336797,0.2867763309545823,0.01642293298559567,0.018622444406879317,0.18238064002558685,0.02515274831408122,0.09171359769999686,0.06381030274990977
0.06530024456777811,0.24601310491863473,0.04621557379479339,0.49058507006441654,0.0478801320923022,0.03354236036931214,0.04404860742049696,0.026414906772265937
0.30057979898612175,0.28960927135075704,0.016135811862445254,0.11928738317157353,0.09790014725128131,0.09686058443493448,0.037424959175781786,0.04220204376710496
0.031971686766783414,0.2736255120529364,0.08933601759634135,0.4136918189201679,0.05453687773983412,0.03995399354575856,0.012610780576500955,0.08427331280167728
0.27851113661987076,0.3026999826459635,0.07007891533605852,0.03853480287761728,0.13807805278571414,0.08541621298850452,0.07559424873700113,0.011086648009270294
0.009608150333986298,0.29799088088876496,0.03351983824707866,0.38956090959610673,0.15073328396568478,0.0049369183458146644,0.0530592198970671,0.06059079872549691
0.2536605427591737,0.31025397020668466,0.05154824429846224,0.014126406094119035,0.09165565001539744,0.1547852483971708,0.04405400523894149,0.07991593299005058
0.09311607857073667,0.3510348167869272,0.0197545456655336,0.36077064937291126,0.013926429667712922,0.10276247824644309,0.038496109771613767,0.020138891918121356
0.3452797772237015,0.2970909536016788,0.03876386882224352,0.06593281978481172,0.13744959252710506,0.09797731893673213,0.007286408483852413,0.010219260619874923
0.08364358684848015,0.28027880650749915,0.07058811140839973,0.4104659804191012,0.024886243773982047,0.03705371550044597,0.08288949309495702,0.010194062447134845
0.23467815589081636,0.31630263976846823,0.015148786976136084,0.04796575273514547,0.14209578825587177,0.13193874622748494,0.08290932926486816,0.028960800881209114
0.020904683611511172,0.2912109557621348,0.049852888420355033,0.4025017026541871,0.04018637337345991,0.07605877218191592,0.03866732135192195,0.08061730264451408
0.2835609121814545,0.24998170660335023,0.0861343215084686,0.01780154614904667,0.1509467321251783,0.09583478749630661,0.031202465619534363,0.08453752831666089
0.07451956991288551,0.2511311567893073,0.047327040359359314,0.4147053854896842,0.0030206685419836296,0.12407373293977629,0.016210352368161856,0.06901209359884179
0.3587643029255145,0.165337618657865,0.10279447004252294,0.08007811605823235,0.10646276448509967,0.11212932932053182,0.03416832553799636,0.040265072972237116
0.07270430611354656,0.3126029275845645,0.013588504184202358,0.48825851013401245,0.04494579970926827,0.008338945699471436,0.0044311571710680805,0.05512984940386625
0.3777965531275038,0.34135413905862105,0.026507652998012117,0.001236081456610106,0.03404824606345268,0.0819774101330302,0.06306023443403921,0.07401968272873086
0.020501512085543083,0.44762146946142617,0.06742380051849903,0.3455463021820335,0.0037037767922075042,0.05709108614557438,0.012504554980998691,0.04560749783371753
0.23514028649924146,0.17800716202400255,0.02137062103236163,0.06388715859054359,0.17721455990497745,0.07661139287284363,0.10757691899768641,0.14019190007834328
0.017184057291841637,0.3631505380083182,0.006222679552958277,0.5468462436842135,0.006106376199186473,0.008197057620892158,0.04374324796906344,0.008549799673526303
0.23538540018010176,0.3651364483486649,0.025619708055995383,0.01656537767943424,0.16772970872759504,0.12199850767160485,0.05506721089233376,0.012497638444270225
0.06514577844000408,0.3089628284629156,0.03975220653328921,0.30293178307670854,0.10538614090306933,0.06969893565213475,0.07992610747765015,0.028196219454228403
0.2509147272986841,0.30573658144199134,0.08865258304721604,0.11258503892561522,0.03517607349865898,0.1537805722989242,0.010644170278172214,0.04251025321073795
0.025740783567828232,0.3979120544878568,0.06119381496969761,0.3454385341955639,0.045258243108473394,0.06577868679810006,0.009991960140224973,0.04868592273225476
0.30904883797529276,0.30177713553069196,0.018166149241480505,0.02748492834673991,0.017460523236385906,0.22840940545691937,0.042132568647056834,0.05552045156543291
0.06125794845421098,0.3288862087381107,0.0003909732355944308,0.30657984716334674,0.09990309988241884,0.1234194711732162,0.03334768832308531,0.04621476303001679
0.23305321096392614,0.3178562020176373,0.07539462053928861,0.02089927045967208,0.13151580300865715,0.08497580394646086,0.016123196032724437,0.12018189303163346
0.014080427883394647,0.4263737713565214,0.0028680550874847156,0.34936541076025085,0.013455220203216862,0.0864674594500558,0.029240150449747444,0.07814950480932839
0.29791961781650217,0.3172199138330794,0.04588763210962843,0.03325706363657011,0.08124029693486211,0.08693958882927164,0.03500987994980347,0.10252600689028264
0.08888907269756356,0.367700494104464,0.022938255141051928,0.29861900744925424,0.024987998856695563,0.09255030723947152,0.024137619640390573,0.08017724487110857
0.12464727525649319,0.3255848630741284,0.11332947122549483,0.02114113179660046,0.08637039672156314,0.16169460658822685,0.05869510761187734,0.10853714772561579
0.029676614588496956,0.2893896054293279,0.013992257137437458,0.39628802825495824,0.08329936238120704,0.047961171545972056,0.0861896640314304,0.053203296631170134
0.4240628190906158,0.2500127181768115,0.06054052718398215,0.08820858466967013,0.007287320771114392,0.10201059607269808,0.026884879276839656,0.040992554758268254
0.03893517190344658,0.3586657959512836,0.0006922635137668223,0.4956718755249991,0.019122551572597356,0.03030611441333171,0.021653701528349178,0.03495252559222568
0.32236985959144765,0.3288247529159557,0.018082787061368212,0.031226639591049626,0.10621733981341017,0.07835511895646208,0.04492734826018674,0.06999615381011971
0.04588606330016812,0.29375834114011984,0.1121788907821883,0.2709451344355355,0.07190626511231894,0.0965156068038916,0.04736380104397005,0.06144589738180776
0.36590980733032236,0.3838875262329548,0.035478717918081694,0.050599526674768844,0.024965138803497572,0.03243329574160599,0.06613211737129401,0.040593869927474914
