0.125,0.125,0.125,0.125,0.125,0.125,0.125,0.125
0.125,0.125,0.125,0.125,0.125,0.125,0.125,0.125
0.07205509882525932,0.07689639727892185,0.07435831408830194,0.08951308707711851,0.12307494423646023,0.08347373189282609,0.20292170574286306,0.277706720858249
0.0625,0.23750000000000004,0.0625,0.2875000000000001,0.0625,0.08750000000000002,0.0625,0.13749999999999996
0.07597710200529086,0.07463216369694464,0.07028851771918652,0.11208462939007059,0.13876246145847762,0.13712131819803394,0.1558510939220581,0.23528271360993766
0.04166666666666666,0.2929077105179159,0.04166666666666666,0.3904256228154175,0.04166666666666666,0.05833333333333334,0.04166666666666666,0.09166666666666662
0.061446740329960406,0.13187455481040844,0.07258912109916764,0.08950489180638634,0.14012069392566606,0.20612261316575156,0.11828665690988792,0.18005472795277172
0.03125,0.31582620362700575,0.03125,0.44667379637299437,0.03125,0.04375000000000001,0.03125,0.06874999999999998
0.049754788831421204,0.11266635425842834,0.0751578659106866,0.09276594673938873,0.13381277741708414,0.2508744919289624,0.12023978033603841,0.16472799457799026
0.02499999999999999,0.3202242401343374,0.02499999999999999,0.4897757598656626,0.02499999999999999,0.034999999999999996,0.02499999999999999,0.054999999999999966
0.04537539388483597,0.1393230297317316,0.07273155785717351,0.09623963639044882,0.14335372322941559,0.25047328344275044,0.11092567744403496,0.14157769801960904
0.020833333333333322,0.31791658962742575,0.020833333333333322,0.523750077039241,0.020833333333333322,0.029166666666666657,0.020833333333333322,0.04583333333333329
0.061465220898325575,0.13589765858928185,0.08250740114109603,0.09365460190398107,0.13244143816925386,0.24569109330388703,0.10612149593569267,0.14222109005848185
0.01785714285714285,0.3117807215042922,0.01785714285714285,0.5525049927814222,0.01785714285714285,0.024999999999999994,0.01785714285714285,0.03928571428571425
0.06509958446160127,0.13887714437431567,0.08325452397004557,0.0850744785668341,0.11700658378050573,0.258832457120224,0.10283623096756314,0.14901899675891062
0.015625,0.30677317688929073,0.015625,0.5744768231107094,0.015625,0.021875000000000006,0.015625,0.03437499999999999
0.06113460506498326,0.15221603584682109,0.09178555942922961,0.07800913040042236,0.1094442918559397,0.2629550018318734,0.09571001129075152,0.14874536427997914
0.013888888888888881,0.3067410757432568,0.013888888888888881,0.5877033687011876,0.013888888888888881,0.019444444444444438,0.013888888888888881,0.030555555555555527
0.06574412942560381,0.16407894968551678,0.09588132124888102,0.0810597984209571,0.11136837957877921,0.24538991950793063,0.09005993442090586,0.14641756771142547
0.012499999999999994,0.3095009375235815,0.012499999999999994,0.5954990624764185,0.012499999999999994,0.017499999999999995,0.012499999999999994,0.027499999999999976
0.06575116267927339,0.17420087003509907,0.0996265931922084,0.08194256580594733,0.10403746550833938,0.24716718615574998,0.09355281383797273,0.13372134278540965
0.011363636363636362,0.31429384093922097,0.011363636363636362,0.5993425226971426,0.011363636363636362,0.01590909090909091,0.011363636363636362,0.024999999999999988
0.07414437185008871,0.17041792762795094,0.10036290163578554,0.08202966345825957,0.10359960168537792,0.25037884839997376,0.09326137802449634,0.12580530731806716
0.010416666666666663,0.32072356453975726,0.010416666666666663,0.600109768793576,0.010416666666666663,0.01458333333333333,0.010416666666666663,0.022916666666666648
0.07258500914623506,0.17710451027273352,0.10231576414229812,0.07945688818537024,0.09906822568740009,0.25141074616550735,0.0893862392023055,0.1286726171981501
0.00961538461538461,0.3289991232262588,0.00961538461538461,0.597923953696818,0.00961538461538461,0.013461538461538459,0.00961538461538461,0.021153846153846138
0.06918084282683572,0.1977707673838331,0.10102950371411512,0.07844338109132676,0.09805941022533701,0.24291003594550786,0.08910408708339404,0.12350197172965036
0.008928571428571425,0.33888296957100367,0.008928571428571425,0.5932598875718534,0.008928571428571425,0.012499999999999999,0.008928571428571425,0.01964285714285713
0.07132238112721793,0.21518310706995988,0.09775134985430053,0.07351106899776513,0.09380739753423428,0.23781361448879565,0.08967871272756497,0.12093236820016168
0.008333333333333326,0.35001822604043675,0.008333333333333326,0.5866484406262298,0.008333333333333326,0.01166666666666666,0.008333333333333326,0.018333333333333313
0.07340848096200984,0.23635332025903705,0.09492291224684077,0.06979341174316364,0.0890606870880338,0.22971824029297067,0.08848466387969417,0.11825828352825003
0.007812499999999998,0.3622599032480005,0.007812499999999998,0.5783650967519995,0.007812499999999998,0.010937500000000001,0.007812499999999998,0.01718749999999999
0.06912925931344988,0.25468234323599825,0.09466280377535247,0.06646534868459437,0.08408916283981778,0.22880639749353546,0.08803235548818095,0.11413232916907085
0.00735294117647059,0.3753054489725805,0.00735294117647059,0.5688121980862431,0.00735294117647059,0.010294117647058829,0.00735294117647059,0.016176470588235292
0.07158522559125761,0.26285908810262987,0.09006611830976712,0.06540165715611491,0.08285970494896644,0.2303153468044078,0.08789334464519646,0.10901951444165982
0.006944444444444446,0.38916967762997123,0.006944444444444446,0.558052544592251,0.006944444444444446,0.009722222222222226,0.006944444444444446,0.015277777777777776
0.07345111334486258,0.27409362636927165,0.08767080752776613,0.06275788267074281,0.08092599726154653,0.22535853972170114,0.08502037683333001,0.11072165627077914
0.006578947368421054,0.403718367396166,0.006578947368421054,0.546281632603834,0.006578947368421054,0.009210526315789478,0.006578947368421054,0.014473684210526314
0.07595714115117948,0.2777350235366196,0.089798982843522,0.06351186739084354,0.07831356430637752,0.22648240361887395,0.08131055219062314,0.10689046496196095
0.006250000000000002,0.41895929515731417,0.006250000000000002,0.5335407048426858,0.006250000000000002,0.008750000000000006,0.006250000000000002,0.01375
0.08035840498090233,0.28257681164535264,0.09127506856433516,0.06317083612940293,0.07628132553064597,0.22492709336397815,0.07749679288895477,0.10391366689642806
0.005952380952380955,0.43488630011602536,0.005952380952380955,0.5198756046458795,0.005952380952380955,0.008333333333333338,0.005952380952380955,0.013095238095238096
0.08553307412984924,0.28850908664170927,0.08924108214177001,0.06371785657219373,0.0743996559820311,0.22006663427490294,0.07571521666195428,0.10281739359558938
0.005681818181818184,0.4513221279516417,0.005681818181818184,0.5054960538665401,0.005681818181818184,0.007954545454545459,0.005681818181818184,0.0125
0.09171177771794911,0.290238835058022,0.08643252343011829,0.06458580809167906,0.07166913073977452,0.21777479859007395,0.07567831282129957,0.10190881355108343
0.005434782608695654,0.4678558157941915,0.005434782608695654,0.49083983637972156,0.005434782608695654,0.007608695652173918,0.005434782608695654,0.011956521739130435
0.09544910448894059,0.27983577724173375,0.08512851986247219,0.06307777365475765,0.07662917765935626,0.22353497347295695,0.07662578857410657,0.09971888504567611
0.005208333333333335,0.48395426515649614,0.005208333333333335,0.47646240151017055,0.005208333333333335,0.00729166666666667,0.005208333333333335,0.011458333333333333
0.10050151969473649,0.275604885003959,0.08541131059819643,0.06202777950999263,0.07575636523628246,0.22537112228669515,0.07631120265278543,0.09901581501735239
0.005000000000000002,0.4985718040532961,0.005000000000000002,0.4634281959467039,0.005000000000000002,0.007000000000000004,0.005000000000000002,0.011
0.10495078069964217,0.27477632641844413,0.08327714141043008,0.06211145160996778,0.07365996697508945,0.2288306008137641,0.07467925112910766,0.09771448094355459
0.0048076923076923106,0.5113795193935184,0.0048076923076923106,0.45208201906802,0.0048076923076923106,0.006730769230769237,0.0048076923076923106,0.010576923076923081
0.1054118202027343,0.27618508921495305,0.08383246219127072,0.061967688315410545,0.07620605043786276,0.22828603771420256,0.07232812928187397,0.09578272264169208
0.004629629629629633,0.5225421601321476,0.004629629629629633,0.44227265468266713,0.004629629629629633,0.006481481481481487,0.004629629629629633,0.010185185185185188
0.1092883702174097,0.2720260337094161,0.0813400065968458,0.06423404003339442,0.07852823431216849,0.22948130082776896,0.07160261801113973,0.09349939629185679
0.0044642857142857175,0.5320279402565871,0.0044642857142857175,0.4340434883148414,0.0044642857142857175,0.0062500000000000056,0.0044642857142857175,0.009821428571428575
0.11122151291741787,0.27070875848170156,0.07995485403077392,0.06490147997518028,0.08354218085954848,0.2270185502335287,0.06970844888883754,0.09294421461301164
0.0043103448275862094,0.5400287396133826,0.0043103448275862094,0.42721263969696216,0.0043103448275862094,0.006034482758620695,0.0043103448275862094,0.009482758620689659
0.1151942047869555,0.2659656599536017,0.08137961642644964,0.06392584627247776,0.08547712452074956,0.2269061275069116,0.0691973938535807,0.0919540266792736
0.00416666666666667,0.5465498923452589,0.00416666666666667,0.42178344098807435,0.00416666666666667,0.00583333333333334,0.00416666666666667,0.009166666666666672
0.11291445901326404,0.26906330157982045,0.07921973623076292,0.0665283863207714,0.08333887344486464,0.22951521947546907,0.06699222039601412,0.09242780353903332
0.004032258064516132,0.5516659447315385,0.004032258064516132,0.41768889397813885,0.004032258064516132,0.005645161290322586,0.004032258064516132,0.008870967741935487
0.11601283147794748,0.270081539528799,0.07687862578925513,0.06746961296845636,0.0872615989522059,0.22625462436674773,0.0662766825298079,0.0897644843867805
0.0039062500000000035,0.5555756964479465,0.0039062500000000035,0.4147368035520535,0.0039062500000000035,0.005468750000000006,0.0039062500000000035,0.008593750000000004
0.1127903435309239,0.26902708665790787,0.07863605032173848,0.06624799921387202,0.08926858505946947,0.22807011295623744,0.06780228123338443,0.08815754102646632
0.0037878787878787928,0.5583189763807633,0.0037878787878787928,0.4128931448313579,0.0037878787878787928,0.005303030303030311,0.0037878787878787928,0.008333333333333342
0.11762800312458147,0.26532696456669264,0.07909217483024647,0.06486670459242999,0.09300970526866983,0.225968308228214,0.06714743819730967,0.0869607011918559
0.003676470588235299,0.5600832311718852,0.003676470588235299,0.4119755923575266,0.003676470588235299,0.0051470588235294195,0.003676470588235299,0.008088235294117655
0.12335523989948628,0.2631963759970995,0.07837371575285085,0.06419892896872749,0.09843825364677573,0.22216068857538773,0.06549041124555646,0.08478638591411589
0.0035714285714285757,0.560916303265877,0.0035714285714285757,0.4119408395912659,0.0035714285714285757,0.005000000000000007,0.0035714285714285757,0.007857142857142865
0.1252905161763587,0.26357595869894507,0.0779712556952677,0.06255137082112744,0.10000811079902026,0.2225206954536874,0.06475143131003443,0.08333066104555896
0.0034722222222222277,0.560945887126433,0.0034722222222222277,0.41266522398467814,0.0034722222222222277,0.00486111111111112,0.0034722222222222277,0.007638888888888898
0.12603982904316444,0.2659142885140507,0.0760143673102062,0.060909185015377246,0.10066507242461094,0.2216206426895987,0.06443181311454677,0.08440480188844499
0.0033783783783783838,0.5602541810854516,0.0033783783783783838,0.41407014323887276,0.0033783783783783838,0.004729729729729738,0.0033783783783783838,0.0074324324324324415
0.12479743033706558,0.2642209653210782,0.07717229121152332,0.05966292972419596,0.10725275759437773,0.21885214284590515,0.06490091473017479,0.08314056823567924
0.0032894736842105313,0.5590916009913741,0.0032894736842105313,0.41590839900862586,0.0032894736842105313,0.004605263157894745,0.0032894736842105313,0.0072368421052631665
0.1266794321382034,0.26374409216097894,0.07799032470630184,0.059089196605358885,0.10883382786792631,0.21848791090259972,0.06371414801451783,0.0814610676041132
0.0032051282051282102,0.557540525535744,0.0032051282051282102,0.4181005001052818,0.0032051282051282102,0.0044871794871794955,0.0032051282051282102,0.007051282051282061
0.12514093142133081,0.2635255623298184,0.07997952964073474,0.058359892997583394,0.11116296783313404,0.21928210072063173,0.0624927480038863,0.08005626705288052
0.003125000000000005,0.5557109263366369,0.003125000000000005,0.42053907366336335,0.003125000000000005,0.004375000000000008,0.003125000000000005,0.006875000000000009
0.12703275962560565,0.2672240159830386,0.07908022989982832,0.057318647540136006,0.11078538301677571,0.21761910743112717,0.06129435108512825,0.07964550541836025
0.003048780487804883,0.553610400100829,0.003048780487804883,0.4232188681918541,0.003048780487804883,0.004268292682926837,0.003048780487804883,0.00670731707317074
0.12794433291636784,0.26917606584455694,0.0791340743571648,0.057208182501927295,0.11063697177786205,0.21528153611133283,0.06204938004366884,0.07856945644711932
0.002976190476190481,0.55127324868554,0.002976190476190481,0.4261077036954126,0.002976190476190481,0.004166666666666674,0.002976190476190481,0.006547619047619056
0.1283567035306965,0.27150755875515503,0.07877595330153297,0.05726227911074316,0.11118990261567267,0.21277446423930332,0.06320113232482051,0.07693200612207574
0.002906976744186051,0.5488451771437906,0.002906976744186051,0.4290617996003957,0.002906976744186051,0.004069767441860472,0.002906976744186051,0.00639534883720931
0.12928746873587935,0.27327735356918065,0.07789066355425174,0.057517526092131614,0.11120961281696466,0.21141589113163617,0.06321228803596418,0.07618919606399173
0.002840909090909095,0.5464176874332703,0.002840909090909095,0.43199140347582066,0.002840909090909095,0.003977272727272734,0.002840909090909095,0.006250000000000007
0.12954467134697337,0.2747773264127712,0.0768071231791024,0.05748306576348981,0.1090839370633157,0.21258997875273924,0.06339293275128999,0.07632096473031834
0.002777777777777782,0.5440893836487378,0.002777777777777782,0.4347995052401512,0.002777777777777782,0.0038888888888888953,0.002777777777777782,0.0061111111111111175
0.1301122995431197,0.2752528581926754,0.07681443601808144,0.05657450310091029,0.10857010945497617,0.2139272365465526,0.06346618803775532,0.07528236910592907
0.00271739130434783,0.5418588417722072,0.00271739130434783,0.4374889843147495,0.00271739130434783,0.0038043478260869627,0.00271739130434783,0.005978260869565224
0.13036299686776925,0.2742993231408008,0.07721373470107001,0.05749633045520678,0.11082736390284655,0.2126358490591624,0.06245554561206379,0.07470885626108024
0.00265957446808511,0.5397509667209776,0.00265957446808511,0.4400362673215758,0.00265957446808511,0.0037234042553191547,0.00265957446808511,0.00585106382978724
0.13273353033607113,0.2775177028089209,0.07649607400294209,0.056948870215575605,0.11084275315038379,0.20996124379990186,0.06173368184441561,0.07376614384178892
0.00260416666666667,0.5377931553013324,0.00260416666666667,0.442415178032001,0.00260416666666667,0.003645833333333339,0.00260416666666667,0.005729166666666672
0.13379083080428783,0.2779834948149496,0.07522691138321766,0.057333281814806486,0.11173667997828692,0.20888554321854394,0.062437641820272165,0.0726056161656354
0.0025510204081632686,0.5360032229980906,0.0025510204081632686,0.4446090218998688,0.0025510204081632686,0.003571428571428577,0.0025510204081632686,0.005612244897959189
0.13643388854890645,0.27851047171735627,0.07618154493081267,0.05801995363129652,0.10956605232461163,0.20804171065180682,0.06199835589375426,0.0712480223014554
0.002500000000000003,0.5344157460005974,0.002500000000000003,0.4465842539994027,0.002500000000000003,0.0035000000000000053,0.002500000000000003,0.005500000000000005
0.1373518431111558,0.27785202264228104,0.0747188787123983,0.058899548393728296,0.11004075631365766,0.20825620763458397,0.06096016131755107,0.07192058187464374
0.0024509803921568657,0.5330255057892674,0.0024509803921568657,0.44834704323034047,0.0024509803921568657,0.003431372549019613,0.0024509803921568657,0.005392156862745103
0.13933891244046215,0.27949568685656484,0.07500815151744364,0.05885122969708382,0.10832650590927138,0.20692159652890166,0.06074977214766096,0.07130814490261156
0.002403846153846157,0.5318183879366271,0.002403846153846157,0.44991238129414235,0.002403846153846157,0.0033653846153846203,0.002403846153846157,0.005288461538461543
0.14260265400667527,0.2803925856389637,0.07389944988399244,0.05828737249386524,0.10691930457213865,0.20656862926648573,0.06134914254199332,0.06998086159588544
0.002358490566037739,0.5307789696858086,0.002358490566037739,0.45129650201230476,0.002358490566037739,0.003301886792452835,0.002358490566037739,0.005188679245283024
0.14325703186189742,0.2824250638044182,0.07478029669711095,0.057285721419329076,0.10773354776909864,0.20505164139817306,0.06029780034716965,0.06916889670280307
0.0023148148148148177,0.5299119659434608,0.0023148148148148177,0.4524954414639467,0.0023148148148148177,0.0032407407407407454,0.0023148148148148177,0.005092592592592597
0.14603809762889133,0.28219119958065353,0.07461848509525172,0.05738543277261317,0.10797371780728049,0.20372437862616583,0.05955664058946855,0.06851204789967538
0.0022727272727272752,0.5292413553793905,0.0022727272727272752,0.4534859173478823,0.0022727272727272752,0.0031818181818181863,0.0022727272727272752,0.0050000000000000044
0.14542567485929644,0.28538486549598574,0.07551251351762103,0.057373198780317776,0.1073473125097657,0.20212773292107614,0.05858904900227604,0.06823965291366102
0.0022321428571428596,0.5287960781810269,0.0022321428571428596,0.4542396361046874,0.0022321428571428596,0.0031250000000000045,0.0022321428571428596,0.00491071428571429
0.14754836623724862,0.2845435283155389,0.07433625763465211,0.05762237728401006,0.10683294537985974,0.20274530427158746,0.0584565931636585,0.0679146277134446
0.0021929824561403534,0.5285925760178293,0.0021929824561403534,0.45474075731550423,0.0021929824561403534,0.0030701754385964956,0.0021929824561403534,0.004824561403508776
0.15080943850361037,0.2857108597346047,0.0732417892964984,0.05665842209878593,0.10538650326389222,0.2012246253784949,0.058771837674466074,0.06819652404964735
0.002155172413793106,0.5286334536182656,0.002155172413793106,0.4549872360369069,0.002155172413793106,0.003017241379310349,0.002155172413793106,0.004741379310344831
0.15387831291848636,0.28641222275342204,0.0729312484872939,0.055809557671155856,0.10470189727395952,0.19858954408882534,0.05906161248283347,0.06861560432402336
0.0021186440677966123,0.5289525569056219,0.0021186440677966123,0.454945748179124,0.0021186440677966123,0.0029661016949152582,0.0021186440677966123,0.004661016949152546
0.15471662756248902,0.28638870348612944,0.07245550484671295,0.05587416623932701,0.10632223735731398,0.19642222969473033,0.05969921378476475,0.06812131702853255
0.0020833333333333355,0.5295387694789546,0.0020833333333333355,0.454627897187712,0.0020833333333333355,0.0029166666666666703,0.0020833333333333355,0.004583333333333336
0.1561238434533336,0.2871400006368234,0.07308752626238181,0.055303778996656026,0.10596879315521526,0.19578528533027995,0.05937573313358179,0.06721503903172825
0.002049180327868854,0.5303820837010235,0.002049180327868854,0.4540441458071733,0.002049180327868854,0.0028688524590163964,0.002049180327868854,0.0045081967213114775
0.15805551766341458,0.2867638914377652,0.07318340102267754,0.05525850246015786,0.10553647631405282,0.19513716716467164,0.05929574142409802,0.06676930251316249
0.0020161290322580658,0.5315172342977472,0.0020161290322580658,0.45316018505709155,0.0020161290322580658,0.002822580645161293,0.0020161290322580658,0.004435483870967744
0.16044108179967692,0.28515042412875413,0.07374067533473366,0.054589206438235484,0.10566046650948002,0.19561336038524038,0.058696293440696906,0.06610849196318248
0.0019841269841269853,0.5329682291407475,0.0019841269841269853,0.4519524057798875,0.0019841269841269853,0.0027777777777777805,0.0019841269841269853,0.004365079365079367
0.1598516484763784,0.2874841691637787,0.07394102884771213,0.05418023158395086,0.10558235405679649,0.19416621062614986,0.058865520851049624,0.06592883639418393
0.001953125000000002,0.5347298818078629,0.001953125000000002,0.45042636819213716,0.001953125000000002,0.0027343750000000037,0.001953125000000002,0.004296875000000004
0.16350860537971337,0.2877514045306922,0.07387517650857361,0.05361115702947745,0.1052049937178306,0.19177599280436303,0.05861292478776665,0.06565974524158315
0.001923076923076926,0.5367480408640889,0.001923076923076926,0.4486365745205266,0.001923076923076926,0.002692307692307697,0.001923076923076926,0.004230769230769236
0.1640879621921179,0.28670633351484265,0.07468119882436279,0.05335563339283742,0.10501552327050195,0.19218310928132712,0.05776048236292175,0.06620975716108844
0.0018939393939393968,0.539021106742329,0.0018939393939393968,0.44658495386373165,0.0018939393939393968,0.002651515151515156,0.0018939393939393968,0.004166666666666672
0.16361786086248953,0.2866163751809394,0.0745015031798981,0.05457475850619078,0.10599082926715063,0.1909329049110168,0.05726491902740813,0.06650084906490666
0.0018656716417910476,0.541508369121042,0.0018656716417910476,0.4443125264013461,0.0018656716417910476,0.002611940298507467,0.0018656716417910476,0.004104477611940304
0.16634896613895161,0.2877062840006398,0.07360556051577255,0.05529478309179226,0.10514154224549221,0.18830172680515264,0.05727599327822593,0.06632514392397279
0.0018382352941176505,0.5441728665061704,0.0018382352941176505,0.4418565452585355,0.0018382352941176505,0.0025735294117647115,0.0018382352941176505,0.00404411764705883
0.16769585276076834,0.2886364862795598,0.073069566544563,0.0555187031824518,0.10431639782792507,0.18743411889654993,0.05783667890107555,0.06549219560710655
0.001811594202898554,0.5469775415803815,0.001811594202898554,0.43925434247758965,0.001811594202898554,0.0025362318840579765,0.001811594202898554,0.0039855072463768175
0.16949080103588038,0.28976623006817226,0.0746308377977652,0.054876331169921445,0.10298338583678272,0.18542649443857379,0.05756492476493421,0.06526099488797
0.001785714285714289,0.5499043290177194,0.001785714285714289,0.4365242424108521,0.001785714285714289,0.0025000000000000053,0.001785714285714289,0.003928571428571435
0.17003032577542224,0.2895201146181784,0.07477582389975043,0.05476730583870426,0.10331780504930911,0.18537182636586105,0.05692027914883532,0.0652965193039392
0.0017605633802816926,0.5529074342050715,0.0017605633802816926,0.4337122841047877,0.0017605633802816926,0.0024647887323943703,0.0017605633802816926,0.0038732394366197227
0.1721863260234889,0.29066302011152373,0.07385748620680263,0.05488315572451957,0.10251836817808616,0.18337511898963305,0.056890919928181974,0.06562560483776395
0.0017361111111111127,0.5559458591992482,0.0017361111111111127,0.43085969635630733,0.0017361111111111127,0.0024305555555555586,0.0017361111111111127,0.003819444444444447
0.17292728482706704,0.28940011073051525,0.07422632492612344,0.054422541323340644,0.10356757975095991,0.18391364876882385,0.05673691419370029,0.06480559547946955
0.0017123287671232893,0.5589714617463989,0.0017123287671232893,0.42801483962346415,0.0017123287671232893,0.0023972602739726055,0.0017123287671232893,0.003767123287671235
0.17541465791841881,0.29179275177679664,0.0739091072684964,0.05372506779344958,0.10259152742244722,0.18231524220958847,0.05603239129956284,0.06421925431124002
0.0016891891891891908,0.561928937384844,0.0016891891891891908,0.42523322477731823,0.0016891891891891908,0.0023648648648648676,0.0016891891891891908,0.0037162162162162186
0.17683868273152753,0.29239515912062414,0.07359702755162022,0.05304090778837342,0.1015517763128557,0.1815539617872298,0.05564503172505943,0.06537745298270976
0.0016666666666666683,0.5647659711563295,0.0016666666666666683,0.42256736217700386,0.0016666666666666683,0.002333333333333336,0.0016666666666666683,0.0036666666666666688
0.17701332843244533,0.29287901991488957,0.07316755725948948,0.053964441836268875,0.10274375173690423,0.18017193051348981,0.05535907940960322,0.06470089089690946
0.0016447368421052652,0.5674554071268061,0.0016447368421052652,0.4200445928731939,0.0016447368421052652,0.002302631578947372,0.0016447368421052652,0.0036184210526315824
0.17743841990072964,0.29297737867358037,0.0728896945297894,0.053924106820651595,0.10403941569249778,0.1790021739958785,0.055501501377964516,0.0642273090089082
0.0016233766233766254,0.5699654071335588,0.0016233766233766254,0.41769693052877893,0.0016233766233766254,0.002272727272727276,0.0016233766233766254,0.003571428571428575
0.1790414368252387,0.29298888055588945,0.07260517991108968,0.05343393353875599,0.10363979158293504,0.17807624850410125,0.05663023101147037,0.06358429807051967
0.0016025641025641047,0.5722650727816767,0.0016025641025641047,0.41555544003883615,0.0016025641025641047,0.002243589743589747,0.0016025641025641047,0.003525641025641029
0.1819355670451408,0.29180643306281806,0.07172827547296194,0.05331711831681146,0.1051751263710081,0.1768329231466767,0.05636729660494846,0.06283725997963445
0.0015822784810126602,0.5743273224937712,0.0015822784810126602,0.4136473610505327,0.0015822784810126602,0.002215189873417725,0.0015822784810126602,0.0034810126582278515
0.1827044729737881,0.2904699016323221,0.07159774774480836,0.05284415540876819,0.10566481072815107,0.17617655900091253,0.05693381713786227,0.0636085353733872
0.001562500000000002,0.5761408324863797,0.001562500000000002,0.41198416751362027,0.001562500000000002,0.0021875000000000032,0.001562500000000002,0.003437500000000003
0.18398960334026138,0.288312763943013,0.07141981237483828,0.05347593015270038,0.1054117427180135,0.1755916738057694,0.05754464606488486,0.06425382760051922
0.0015432098765432117,0.5777077682629976,0.0015432098765432117,0.4105638366752741,0.0015432098765432117,0.002160493827160497,0.0015432098765432117,0.0033950617283950647
0.18394223888299563,0.2858668757677971,0.0713611542862713,0.05283875801772854,0.1071552664429988,0.1763458654355967,0.058654199296347326,0.06383564187026461
0.0015243902439024408,0.5790322300309522,0.0015243902439024408,0.40938240411538934,0.0015243902439024408,0.002134146341463418,0.0015243902439024408,0.003353658536585369
0.18484787477457726,0.2860647890520208,0.07054161099619767,0.052783461973226996,0.10762133393980997,0.17670976771080768,0.05796413029046998,0.06346703126288968
0.001506024096385544,0.5801389989870666,0.001506024096385544,0.4084152178804033,0.001506024096385544,0.002108433734939762,0.001506024096385544,0.0033132530120481957
0.1861628456647131,0.28512469590968065,0.07010891376876051,0.05237796277359792,0.10861798202952513,0.176642705983714,0.05768036377813486,0.063284530091874
0.00148809523809524,0.581040682896271,0.00148809523809524,0.40764979329420525,0.00148809523809524,0.0020833333333333363,0.00148809523809524,0.0032738095238095265
0.1869903240544787,0.28398248200192827,0.06960714250983781,0.05236198552038945,0.10998486980949304,0.17619475850670316,0.058193932661806724,0.06268450493536301
0.0014705882352941194,0.5817563082173696,0.0014705882352941194,0.40706722119439515,0.0014705882352941194,0.0020588235294117675,0.0014705882352941194,0.0032352941176470615
0.1886039055338932,0.28286124675626,0.06910406802155596,0.05282875009472625,0.1109231374879714,0.17567508741674293,0.05800415744611121,0.06199964724273905
0.001453488372093025,0.5823074420055272,0.001453488372093025,0.4066460463665658,0.001453488372093025,0.0020348837209302356,0.001453488372093025,0.0031976744186046537
0.18825761767914875,0.28198549252430166,0.0687742227503112,0.05397650630015426,0.1111025966113986,0.17579915909873986,0.057380523445019725,0.06272388159092597
0.001436781609195404,0.5826915453615891,0.001436781609195404,0.4063889144085259,0.001436781609195404,0.0020114942528735662,0.001436781609195404,0.0031609195402298876
0.18867333070326042,0.2821882077359254,0.06875109490703445,0.05385071900514183,0.11190236063092444,0.17483614498357766,0.057575232242565846,0.06222290979157002
0.001420454545454547,0.5829007035453263,0.001420454545454547,0.40630384190921914,0.001420454545454547,0.0019886363636363665,0.001420454545454547,0.0031250000000000023
0.1883864555462428,0.2827938120656393,0.06822391872167773,0.05386296939466234,0.11357143341274253,0.17291413117287893,0.05792533904855913,0.0623219406375974
0.0014044943820224734,0.582949127351935,0.0014044943820224734,0.4063767153446942,0.0014044943820224734,0.0019662921348314634,0.0014044943820224734,0.003089887640449441
0.19004267265545735,0.2826344843050689,0.06773625117761252,0.05409423543807406,0.1128264201690438,0.17244990624871792,0.057559119398547055,0.06265691060747844
0.0013888888888888905,0.5828331289097791,0.0013888888888888905,0.40661131553466534,0.0013888888888888905,0.001944444444444447,0.0013888888888888905,0.003055555555555558
0.19008467639788074,0.28177884667642394,0.06837324190355938,0.05424082836869701,0.11344522308571223,0.17176521846119472,0.057866139300445,0.06244582580608676
0.001373626373626375,0.5825782871271382,0.001373626373626375,0.4069821524333013,0.001373626373626375,0.0019230769230769256,0.001373626373626375,0.0030219780219780243
0.190401171785162,0.2817878996665094,0.06872692810460497,0.05403652302635518,0.11339515339906434,0.17129608009486177,0.05764373166491723,0.06271251225852516
0.0013586956521739145,0.5821888607130501,0.0013586956521739145,0.4074850523304282,0.0013586956521739145,0.0019021739130434807,0.0013586956521739145,0.002989130434782611
0.1907345462328874,0.28071707661240086,0.06802566660294068,0.05354579444872677,0.11625649818398916,0.17120857071892992,0.0574288594988767,0.06208298770124856
0.0013440860215053778,0.5816579068673738,0.0013440860215053778,0.4081270393691853,0.0013440860215053778,0.0018817204301075294,0.0013440860215053778,0.00295698924731183
0.19156715236794025,0.27976247708323776,0.06799670807516565,0.05358498277731438,0.11710828413657245,0.1701107559536149,0.05732618738643098,0.06254345221972363
0.0013297872340425547,0.5810056867310175,0.0013297872340425547,0.40888793029025916,0.0013297872340425547,0.001861702127659577,0.0013297872340425547,0.002925531914893619
0.19178057090043568,0.27957010381443625,0.06793076647147081,0.053422405116116976,0.1182831541824018,0.1693645719696059,0.057055806259962205,0.06259262128557047
0.0013157894736842118,0.5802377373773224,0.0013157894736842118,0.4097622626226776,0.0013157894736842118,0.001842105263157897,0.0013157894736842118,0.002894736842105265
0.1923252696296874,0.2798149185489334,0.06769337690771972,0.05290229667495343,0.11936951737384723,0.16846750281598422,0.05689370427895237,0.06253341376992215
0.0013020833333333348,0.5793634958745862,0.0013020833333333348,0.41074067079208043,0.0013020833333333348,0.001822916666666669,0.0013020833333333348,0.0028645833333333353
0.19354387129818929,0.2795417440186119,0.06768462584687573,0.05268776745564271,0.1195959347467354,0.16800377099538225,0.056692518948187574,0.06224976669037519
0.0012886597938144343,0.578387949018648,0.0012886597938144343,0.4118182365483623,0.0012886597938144343,0.0018041237113402084,0.0012886597938144343,0.0028350515463917546
0.1945275015860495,0.27961895734886355,0.06753506693350333,0.05255512198648914,0.11915929539730008,0.1680202340760715,0.05629567178618979,0.062288150885532995
0.0012755102040816339,0.5773233052128377,0.0012755102040816339,0.4129828172361419,0.0012755102040816339,0.001785714285714288,0.0012755102040816339,0.002806122448979594
0.1965933149544747,0.2796387120533119,0.06737802125212722,0.052269806524373574,0.11842792866179591,0.16736782678693254,0.05576495796012145,0.06255943180686244
0.0012626262626262638,0.5761807869033442,0.0012626262626262638,0.4142232535006962,0.0012626262626262638,0.00176767676767677,0.0012626262626262638,0.0027777777777777796
0.1971988557099048,0.27877814682983953,0.06681787781653999,0.05347867500786955,0.11871260604001256,0.1670465845570509,0.05528775969416789,0.06267949434461464
0.0012500000000000013,0.5749611404271545,0.0012500000000000013,0.41553885957284553,0.0012500000000000013,0.0017500000000000022,0.0012500000000000013,0.002750000000000002
0.19817753290270118,0.2778214530496647,0.066336513833247,0.053416898522625864,0.1199292507022319,0.1666832948862487,0.055041938317369185,0.06259311778591152
0.001237623762376239,0.573678320772269,0.001237623762376239,0.41691573863367165,0.001237623762376239,0.0017326732673267349,0.001237623762376239,0.0027227722772277248
0.20013300278960652,0.27692800390814665,0.0658273316796054,0.05319998566566932,0.12028665066380682,0.1660386168460374,0.05496091089244953,0.06262549755467839
0.0012254901960784327,0.572351331833217,0.0012254901960784327,0.418334942676587,0.0012254901960784327,0.001715686274509806,0.0012254901960784327,0.0026960784313725507
0.20161726792856566,0.2759456278106319,0.06532326892428048,0.05303007005294382,0.12074381253147268,0.16615747635884878,0.05471265111534962,0.06246982527790707
0.00121359223300971,0.5709926854600578,0.00121359223300971,0.4197840135690684,0.00121359223300971,0.0016990291262135944,0.00121359223300971,0.002669902912621361
0.2033050011253195,0.2755212400149862,0.06490988899688012,0.05284366917691719,0.1206422478376626,0.1655445885679752,0.05456964119817574,0.0626637230820834
0.001201923076923078,0.5696103405491932,0.001201923076923078,0.4212550440661914,0.001201923076923078,0.0016826923076923097,0.001201923076923078,0.002644230769230771
0.20441112539462683,0.2746020164165583,0.06558337525622118,0.052770426420562073,0.12059972073880608,0.16465630546859897,0.0546491523534966,0.06272787795113001
0.0011904761904761917,0.5682232003349893,0.0011904761904761917,0.42272918061739173,0.0011904761904761917,0.0016666666666666687,0.0011904761904761917,0.0026190476190476207
0.20616686637241088,0.2745906664365433,0.06519173428143024,0.0526419239991963,0.1198301223760769,0.16418588113693497,0.05479868699765573,0.06259411839975182
0.001179245283018869,0.56683980512249,0.001179245283018869,0.42419793072656664,0.001179245283018869,0.0016509433962264171,0.001179245283018869,0.002594339622641511
0.20718512933027025,0.27470455115166503,0.06473595109174952,0.052323984937585846,0.1204147066531751,0.16288650606382415,0.05514368616309815,0.06260548460863179
0.0011682242990654216,0.5654800186161995,0.0011682242990654216,0.42564147671090335,0.0011682242990654216,0.0016355140186915906,0.0011682242990654216,0.002570093457943927
0.20804989479004665,0.2748425578201752,0.06428594980258931,0.05294401640271537,0.12020623851056499,0.16227515493763076,0.054979623876178566,0.06241656386009914
0.0011574074074074084,0.56415595948824,0.0011574074074074084,0.4270477442154637,0.0011574074074074084,0.0016203703703703723,0.0011574074074074084,0.002546296296296298
0.20869632820132947,0.275098130524999,0.06433909627537343,0.05281182178321906,0.12037020010941957,0.16157002702984063,0.05516874887490172,0.06194564720091723
0.0011467889908256892,0.5628815101840229,0.0011467889908256892,0.42840289348570193,0.0011467889908256892,0.0016055045871559651,0.0011467889908256892,0.002522935779816515
0.20910509378821895,0.27541772906755974,0.06422281580285606,0.05246013618604543,0.12010915874492846,0.1615083472240891,0.055067705750938445,0.062109013435363895
0.0011363636363636374,0.5616622613198086,0.0011363636363636374,0.4297013750438279,0.0011363636363636374,0.0015909090909090927,0.0011363636363636374,0.0025000000000000014
0.21033189273808814,0.2756129833426419,0.06399345592014784,0.052581511713962234,0.1202653788690922,0.16093599561789668,0.05463724361339713,0.0616415381847739
0.0011261261261261272,0.560496994127838,0.0011261261261261272,0.43094444731360343,0.0011261261261261272,0.0015765765765765785,0.0011261261261261272,0.002477477477477479
0.2105492700876661,0.27597628384644396,0.0635573428045763,0.05254029958022281,0.12046029323861704,0.1606770916054823,0.05488967294957098,0.06134974588742065
0.0011160714285714296,0.5593917437183971,0.0011160714285714296,0.4321261134244601,0.0011160714285714296,0.0015625000000000018,0.0011160714285714296,0.002455357142857144
0.21119539081415978,0.27574624333986786,0.06375713907629216,0.05223287698348673,0.12073008473318836,0.16010326590540108,0.05468005164576534,0.061554947501838694
0.0011061946902654878,0.5583588215080364,0.0011061946902654878,0.4332340988459459,0.0011061946902654878,0.0015486725663716831,0.0011061946902654878,0.002433628318584072
0.21248985495548747,0.274777746632131,0.06409957180406611,0.05247713346659854,0.12060493280118759,0.15968244190027067,0.05450012422376738,0.06136819421649132
0.0010964912280701765,0.5574068632194386,0.0010964912280701765,0.4342598034472281,0.0010964912280701765,0.0015350877192982474,0.0010964912280701765,0.0024122807017543874
0.21392730450480935,0.2753566717836657,0.06377268555357868,0.05203155910129429,0.11985226595998989,0.1590067459718599,0.05457455996472626,0.061478207160076015
0.0010869565217391313,0.5565428616201433,0.0010869565217391313,0.43519626881463935,0.0010869565217391313,0.0015217391304347843,0.0010869565217391313,0.002391304347826088
0.21411017503924407,0.27451745187194443,0.06340715051460266,0.05213376254516713,0.12034676849399839,0.1582964412037649,0.05503147685294143,0.06215677347833693
0.0010775862068965526,0.555770092485743,0.0010775862068965526,0.4360402523418432,0.0010775862068965526,0.0015086206896551741,0.0010775862068965526,0.002370689655172415
0.21429201457036254,0.2752919732093523,0.06308418092093936,0.051829759255716416,0.12075175088915734,0.1579862024556268,0.05503178227208154,0.06173233642676371
0.0010683760683760698,0.5550944172740289,0.0010683760683760698,0.43678592460631305,0.0010683760683760698,0.001495726495726498,0.0010683760683760698,0.002350427350427353
0.21460237654263647,0.27554997836386624,0.06330086229489086,0.05234463450715624,0.12002653328415314,0.15795056152209544,0.05465561606874333,0.061569437416458414
0.0010593220338983064,0.5545112604236913,0.0010593220338983064,0.4374378921186817,0.0010593220338983064,0.0014830508474576295,0.0010593220338983064,0.0023305084745762735
0.21539604428576806,0.27577037464257903,0.06292157899192102,0.05213572941337123,0.11916463404005424,0.15854265264759815,0.05455038037612412,0.06151860560258425
0.0010504201680672288,0.5540204833661454,0.0010504201680672288,0.43799632335654376,0.0010504201680672288,0.0014705882352941207,0.0010504201680672288,0.0023109243697479027
0.2155431873414194,0.27612108987070455,0.06302552100481576,0.051875425588757074,0.11926756044812593,0.15792959557508868,0.05423015383992912,0.06200746633115965
0.0010416666666666686,0.5536180565011282,0.0010416666666666686,0.4384652768322052,0.0010416666666666686,0.0014583333333333362,0.0010416666666666686,0.00229166666666667
0.2162239842874944,0.27646074957287287,0.06288388555940097,0.051721554828821646,0.11895328554305762,0.15734290130446207,0.054071308601167746,0.06234233030272265
0.0010330578512396712,0.5533079926931194,0.0010330578512396712,0.4388407676374592,0.0010330578512396712,0.0014462809917355401,0.0010330578512396712,0.002272727272727276
0.21547335552494523,0.276863406240916,0.0632973739665001,0.05147089562363951,0.11868621268386506,0.15737857101990277,0.05410920859305881,0.0627209763471726
0.0010245901639344276,0.5530881508074974,0.0010245901639344276,0.43912496394660094,0.0010245901639344276,0.0014344262295081988,0.0010245901639344276,0.00225409836065574
0.21716920482222707,0.276645107963972,0.06327496057802434,0.051769576022387714,0.1177805306357939,0.1569284248821206,0.05388787258235783,0.06254432251311645
0.0010162601626016272,0.5529632466221318,0.0010162601626016272,0.4393131761420959,0.0010162601626016272,0.0014227642276422787,0.0010162601626016272,0.0022357723577235795
0.2180175971993982,0.2770659115522945,0.06291050756579325,0.051603907180199506,0.11768727909690371,0.15629476918917176,0.0538156102894371,0.06260441792680196
