0.1361947981874106,0.06579728382051289,0.04983148774544849,0.06147191965635635,0.0057840484931110285,0.1507052415944052,0.14432224421496848,0.38589297628778696
0.0018931604017039699,0.1877137074289141,0.046533163320193034,0.3897606373563795,0.1464789847915094,0.061151361678969084,0.010311575216036114,0.15615740980629483
0.012292326771289726,0.004440872764286726,0.07266797456506592,0.2159091414517838,0.041605774212611024,0.2164995838811551,0.014031478899680044,0.42255284745412763
0.0638147514689371,0.20359504566926487,0.06147379678568676,0.4264203004109188,0.02760140278086179,0.05261290351614952,0.03951327328108561,0.12496852608709542
0.07222206979848556,0.09127610103676276,0.038496900348239854,0.2455837490102936,0.015405039785389124,0.12240789566547336,0.06124656856799375,0.35336167578736194
0.036414941424921105,0.1535061139635041,0.06041473073305933,0.5902992376310948,0.041330756980322236,0.0065012276890460165,0.03324137985278885,0.07829161172526371
0.03731256758577007,0.26349769257904965,0.033508213711654494,0.2863189853520094,0.03729842921339975,0.15648767743156017,0.004002698778325666,0.18157373534823087
0.003586474324413864,0.28093725807318637,0.022479448701175096,0.6267373025106621,0.008959927365940484,0.0033375515846652327,0.019535839271376622,0.03442619816858033
0.027189517994507216,0.30951973157897683,0.05383799724090273,0.2715816138732148,0.03924447499277152,0.13136093987511835,0.09594520697778508,0.07132051746672335
0.04198358060804344,0.23827845539159115,0.008518402822766759,0.6140850331750601,0.024616578952563875,0.014472278816402725,0.029008488012468265,0.029037182221103665
0.06011164544275994,0.4405245048812589,0.027169543989512795,0.30011098874440045,0.05433764736798593,0.10068229149814575,0.01578384182626516,0.0012795362496709705
0.06072797286126215,0.18128250699689114,0.031557032578412,0.531572070838264,0.07274872486111073,0.024366507356802763,0.029932437076542074,0.06781274743071511
0.03851579188614565,0.46969735427767123,0.012864720456353096,0.3136594419722975,0.012344587973339172,0.09452323706152999,0.0019864548462761628,0.056408411526387175
0.007004909617307969,0.2944910439383649,0.033192159224086554,0.5355611475147266,0.017712529465760986,0.056106264175172955,0.008329315915227283,0.04760263014935288
0.003547045421994132,0.5657816843126156,0.020619279039125426,0.3109269011846582,0.0014358450797255467,0.0498566634052066,0.036474368805229654,0.011358212751444921
0.016105478211577727,0.35452783135936294,0.007731374536135714,0.5234960159225339,0.02282221204245165,0.021751616772264,0.002461159964651552,0.051104311191022544
0.017371827293890273,0.5793676336404743,0.052256823491287116,0.20020991125959295,0.016193927725846834,0.06934822172163779,0.054848131035800274,0.010403523831470713
0.026693127022592255,0.37972673943737506,0.0030961350649195323,0.4998510292721274,0.0014473238857333074,0.011136176622095194,0.04391942583328726,0.03413004286186981
0.028638226012927304,0.6772580445626745,0.034704943074073326,0.1651241302203476,0.010603631504089849,0.052538182861949306,0.008711988868935277,0.022420852895002934
0.037754669572653284,0.40207355028990865,0.03938988062754088,0.4326371557503403,0.03991217291792054,0.036224260845495126,0.0008712418368911185,0.011137068159250156
0.03435693703983116,0.7377308485651445,0.01960772193364425,0.1366397573741263,0.032379904627594935,0.006362043436693951,0.009164396491080239,0.02375839053188476
0.02154313286122539,0.4839445245339788,0.018846348081961804,0.375849037449575,0.025825013999581488,0.018980054309885176,0.028860211709869958,0.02615167705392243
0.010037058818314844,0.808391930372404,0.01301751906096945,0.03206959100380361,0.010975340546731896,0.07017946427544106,0.05318238397917558,0.0021467119431594576
0.023785154004755588,0.5661048880114444,0.00031066045770351255,0.3524079558646404,0.014763315105506596,0.003925443942734763,0.02701579767739416,0.011686784935820139
0.005596374217609762,0.8683193933710399,0.01234724379480032,0.013858507919969067,0.010698140617042863,0.0721598090763235,0.0116480987237477,0.005372432279466982
0.002599332961292585,0.5783805371686741,0.001335158909697791,0.35369768933862517,0.01535604830842282,0.02091264823568002,0.003391549783713897,0.024327035293893438
0.006219564134183606,0.8380042909145005,0.00012530742675190924,0.004201198577872723,0.011910358336351994,0.09068269982412135,0.019564173682274914,0.029292407103942965
0.005357099841440201,0.6279790110253578,0.026038066546146765,0.2871590293673265,0.009255938939816931,0.002843815412569686,0.016252231747841645,0.025114807119500204
0.01304484163175031,0.8205970199127698,0.007365669954146683,0.01081845029971416,0.008350655702379346,0.1058270259351664,0.0035481948334551584,0.030448141730618328
0.034770062983570396,0.6588323476487441,0.016933588821893348,0.23149786062253627,0.005626174806180486,0.009339405551520165,0.02499301183803888,0.01800754772751654
0.02334446439313926,0.7555399996435946,0.026648249682202658,0.012327925181149205,0.02419402331777979,0.12500053919264623,0.012504011341046615,0.02044078724844163
0.016371791573669123,0.7151545162274786,0.011323749943646284,0.20597415395432397,0.015966834744698535,0.010065621713372287,0.014039526734516,0.011103805108295336
0.01326322103476622,0.7180983536982487,0.026379690299681235,0.015215364290128059,0.010305345544938166,0.20670388850607846,0.007180060027497382,0.002854076598661579
0.011981035733427738,0.7660627287266094,0.008787759904322923,0.18800435714743804,0.0018633681880764984,0.009687318428299238,0.007092052849676163,0.006521379022149975
0.00996781810888837,0.6727497444868757,0.0034585013858679714,0.025983294331786103,0.017403916148473704,0.253772289179043,0.007648415231656379,0.00901602112740892
0.0056031625029385,0.7897676134589839,0.007500875480757542,0.15681914099075459,0.01580964103625106,0.011234921419739764,0.0052432120698447425,0.008021433040729916
0.0004612154463563746,0.6266657855225274,0.013614148994792684,0.022152140257388896,0.0019984062817633838,0.30502854791902456,0.013266114535889146,0.016813641042257608
0.008969112001468438,0.7835563475306689,0.02201826921218472,0.15944063174688658,0.009493939087668433,0.0108688196814155,0.0022827498942200007,0.003370130845487533
0.00853020500031331,0.5985162436865104,0.015203548322920757,0.014651758454437936,0.02334308599438832,0.3388882981549263,0.0006768861206112912,0.00018997426589172054
0.005955064019244105,0.792362264994752,0.0016035805898920255,0.17629162791630273,0.006000552349079466,0.0067016686689251245,0.0020161154167762482,0.009069126045028292
0.003717070444341733,0.5739890203957446,0.0156869450573416,0.005413123386408646,0.0008076437587355792,0.38348470173316157,0.005695954769228509,0.011205540455037908
0.007795489759406143,0.7845155530097981,0.010475632085091191,0.15527555738356688,0.004455360784249169,0.007604649472872057,0.023478726287775812,0.006399031217240373
9.728731010373262e-05,0.5361243482641641,0.023837584160214878,0.00397558239016253,0.0016823897987920744,0.418486320863746,0.00142536915527289,0.014371118057543599
0.01600414565324492,0.7276204996066407,0.012251918336999098,0.19967164671718884,0.024361992848559937,0.0019720112299513675,0.005161482786864103,0.012956302820551206
0.0002750512561953205,0.4966863873588538,0.00478676773123829,0.01679522805736627,0.005890893758634646,0.4601883751868807,0.005149197227242209,0.010228099423588858
0.017338719573384752,0.717015110459575,0.005220806507000891,0.2477465051999784,0.005143344673490391,0.0007832623097996872,0.0026041318914420356,0.004148119385328984
0.017722734505701967,0.4821938560381927,0.021785463656566514,0.0030751264780742847,0.01100088200425939,0.44191319123113504,0.019048854512599803,0.003259891573470372
0.007038641196831514,0.6882085504579282,0.002529678480008889,0.281960720233294,0.00269608746728278,0.00017971208185986028,0.006356635786145495,0.011029974296649451
0.006198311587800078,0.4656035459662756,0.008553555214248252,0.004850786999975008,0.011194023267556441,0.48848361058670564,0.003997279287248373,0.011118887090190745
0.0063633467572709575,0.6470898621559641,0.009566905512765572,0.319071658122283,0.0014419416945280668,0.008061452522026566,0.008315722238777244,8.911099638425312e-05
0.006178926697257077,0.4871859506917581,0.014132409741097815,0.0025508543530477347,0.0039587108581265055,0.4818042124146956,0.0023586720533288696,0.0018302631906881497
0.014378150517670716,0.6185586919660611,0.0062019199430767835,0.3426178792409186,0.0035802301976279446,0.01100287896251832,0.0018612011837946733,0.0017990479883316442
0.010070834245700726,0.4590727675334767,0.010532190936462462,0.00611245412378515,0.0010448216378898506,0.4867363588396103,0.016105845927173238,0.010324726755901615
0.015529179134208182,0.5764084378527521,0.01511418851257808,0.3681658813982265,0.0029035470503926877,0.0004948941686679019,0.0063294041599138845,0.015054467723260929
0.0019314904714610392,0.49190130968032647,0.0005411561578783314,0.010918259692871744,0.0030234633917281097,0.48685299531153614,0.0002759052091225324,0.004555420085075733
0.011282771709482126,0.5333197064058889,0.007974865776102449,0.4088222887561386,0.013763768796886261,0.009403496933564069,0.005446955672653271,0.009986145949284085
0.012580635115412953,0.4754660180308048,0.008333930031784557,0.005515271391995833,0.021856789164681055,0.4608253752394351,0.009027908533485438,0.006394072492400086
0.002975082422196972,0.5212961329345723,0.0029309848668300836,0.4466278223346164,0.00195246218284395,0.01429793102927966,0.009437609418985948,0.0004819748106746765
0.02096040460207414,0.4883501378594359,0.016599244639570177,0.012808773617653452,0.0025555250408674755,0.44748734273182766,0.008611316791527494,0.0026272547170437446
0.0017236453160856234,0.5065589858541575,0.0026802495119126885,0.4442257568202076,0.008775311680802866,0.008030405324657791,0.013507308010032972,0.014498337482143103
0.007485547142951766,0.5139717713381875,0.006548554712597907,0.015423727426017195,0.012238105699031332,0.4280883807609761,0.013952604657245024,0.0022913082629931456
0.013848943359801707,0.48176373930829286,0.008744900258881314,0.47375421193180967,0.0036112494459630776,0.010109319924633209,0.007101869827014394,0.001065765943603829
0.011119769013066416,0.5462757855733951,0.0012984982502576117,0.0068261560635576425,0.019560189585044074,0.4060654473276273,0.0003234846731013088,0.00853066951395073
0.00656191559562409,0.4724302468009334,0.008211012418226818,0.4857798344812321,0.006886715354598901,0.0049189551626492,0.005016901016489972,0.010194419170245536
0.014594626799880215,0.5592955439352134,0.01209870603441964,0.00804240308537682,0.0042953452949761545,0.37352070616201644,0.01610818566538745,0.012044483022729738
0.004178532234465086,0.4588008848532548,0.002980129197930962,0.5041548011138766,0.0041187019313405635,0.0065810331642383235,0.00284220775386002,0.01634370975103367
0.008925860803280089,0.5673413744536565,0.022649358408669037,0.013028934275644997,0.006729755519246316,0.3515549890385249,0.0073969422902224295,0.022372785210755714
0.007241867178963984,0.46231388710634375,0.01736940027024873,0.48289405741699915,0.011691407068172784,0.006294826592382913,0.000593835120621181,0.011600719246267313
0.014814350610095813,0.6190179253732332,0.008430390759310962,0.01201308245902365,0.0019073329358295366,0.3296152303195023,0.003150856795925534,0.011050830747079072
0.0010191931171178727,0.44596421073736686,0.011844711409017177,0.4878781894713974,0.003373278164856289,0.015247480850892097,0.00026072057659881187,0.0344122156727536
0.0023553813428933484,0.6538942279677381,0.0003263093260873051,0.010481323093515404,0.00539012323584535,0.3177601042541134,0.0015955547091177132,0.008196976070689248
0.009332853170448161,0.45555464589361283,0.015799645970211846,0.5063806511754125,0.007829696665555856,0.0013347295522273613,3.23709969201657e-05,0.003735406575611029
0.008780048504783084,0.6849033982277972,0.008189314119334717,0.0011870507281948222,0.008829771099839274,0.27220849547491005,0.011262181992662877,0.0046397398524779775
0.007687160245784265,0.4603939327083989,0.006516385425587974,0.5037657774037043,0.0011375930990655933,0.006529040186005249,0.009848502778034816,0.004121608153418868
0.0009174466852308824,0.7063492455208399,0.000922246298332507,0.01838236333322311,0.010538244921925288,0.24619097378331187,0.012094343824589581,0.004605135632546833
0.007135520930843625,0.46672621778508505,0.0036859504627056567,0.49407134449551704,0.004534719909761383,0.013407135017332096,0.0034320525266861865,0.007007058872069178
0.009919883523238941,0.7328224482763611,0.013116243473107603,0.002393247110838037,0.01258529746740466,0.2177530703438821,0.003698683014517424,0.007711126790650188
0.006255119689625155,0.4767555403708297,0.010870256700073676,0.4704144533608835,0.01721639804337673,0.010986875563003885,0.004663248233391918,0.0028381080388154576
0.004458657230808698,0.7641368180893534,0.0072740303151470394,0.010845141830394702,0.017652754541520724,0.18199914868757897,0.010670188488889577,0.0029632608163068217
0.004371063958993673,0.49712554390738084,0.015759388357626834,0.4439843406918928,0.009240917031819866,0.012468308892121112,0.010243580857262048,0.0068068563029027255
0.002986300176152938,0.767233093970462,0.01450290247888873,0.005004893613040611,0.022966919898842843,0.16757529142812264,0.016434812500955343,0.003295785933535078
0.012537710612825605,0.5346092842726976,0.007728155970217554,0.39612993357752474,0.01622198799652334,0.007210198278542854,0.017577778171195022,0.007984951120473363
0.01209170002598671,0.7926527415823014,0.010163954806833539,0.002542839024589001,0.004792081973776206,0.16002587785845637,0.007014630219884048,0.010716174508172822
0.008165932561403744,0.5767170665712954,0.0039132404635057955,0.38096919203050755,0.00875595601084763,0.007078555742607244,0.002184064626515018,0.01221599199331738
0.00452065860474643,0.7835085179271272,0.004094840036974382,0.008640387228703245,0.00639005864156219,0.15732614947896828,0.012746778791848622,0.02277260929006949
0.0140524280869312,0.5868890512542286,0.0068207712774321074,0.3681862486839963,0.0007933617979710761,9.105853219369968e-06,0.009948387296842333,0.013300645749378974
0.0029941162956221208,0.8062064635206644,0.0021586680232039876,0.0057833545284566934,0.007128503892991911,0.15629698080986854,0.010189691445757085,0.0092422214834354
0.0008130939406995972,0.603467485353737,0.0011153037630637689,0.3400430344106485,0.01734487576672492,0.013021799687230372,0.006270337165631435,0.017924069912264667
0.023488945411891643,0.7933873139975626,0.0003819591601099479,0.006487018939862735,0.008363240325831378,0.15188486986692,0.01240189109458516,0.003604761203236627
0.007263780199366521,0.6403008878694672,0.0013870347856288294,0.31864549995214303,0.0031483820137874004,0.016142666328027782,0.012040185121756286,0.001071563729822958
0.005694727095284749,0.7970122065374352,0.00490628232523075,0.0064584314628232395,0.0010811820360546326,0.15689432986726398,0.01705806503020487,0.01089477564570261
0.005165143561088467,0.6893986811518704,0.004980566223759865,0.27737117926709465,0.010426727305887453,0.0019341884417480894,0.001886579495147291,0.00883693455340413
0.005524801212290352,0.7959334994262254,0.005933847951068181,0.007980430285287861,0.0011744422720379637,0.17234161175998025,0.002100251596306686,0.009011115496803277
0.0008199489927198756,0.7283479991506744,0.0019396652070623871,0.25367644555187513,0.003404128069488216,0.0034772849016107515,0.007247845137716662,0.0010866829888527244
0.0108556034328857,0.7596989532478171,0.005302677179439889,0.0089438520145601,0.002364378109603517,0.2041236700777079,0.008674721868243158,3.6144069742601605e-05
0.005565341820584565,0.7278967070668244,0.013471622910041581,0.2305285523643151,0.0030697944275370976,0.000425851982427684,0.01588101089279624,0.0031611185354732145
0.004713043603776308,0.7450710274213691,0.004755707353089063,6.637595000727699e-05,0.004378622437427994,0.2275475438123252,0.013249065895493902,0.0002186135265113321
0.0011862540607971168,0.7692578585329525,0.006454201924463301,0.21087613280389728,0.0002759189517304896,0.0012912675097804679,0.004018250507422991,0.006640115708955778
0.001289942704347174,0.7278811411133959,0.002008368805676354,0.006766230802575269,0.0005851000378003546,0.2554117810521112,0.0013799334786716187,0.004677502005422058
0.005112106514529315,0.7806258506377771,0.005695141318287342,0.19539345841443037,0.004672991210149416,0.008064959012363818,2.5557974773963315e-05,0.0004099349176885662
0.005206141503730537,0.6802154999108858,0.002454149696666636,0.004933205248503819,0.007851054614548865,0.28615196456561076,0.0130252221370336,0.0001627623230200257
0.006238500982295664,0.8051636385122842,0.0052420400783351594,0.17141227562942926,9.558366423976562e-05,0.0010885785114671533,0.002374054278728578,0.008385328343220328
0.0011207365309967912,0.6611760740349405,0.0032170089702188284,0.014758580443280012,0.0057309818482170795,0.3030666475326774,0.00851857798665991,0.0024113926530093623
0.0027047131021499717,0.8076046386948704,0.0011756253113960789,0.16925707702273735,0.008717057545285489,0.006375926147026768,0.0018376553439363526,0.002327306832597677
0.009072730734607262,0.6131871493520767,0.008763099477307391,0.010587433294878552,0.003939990303018641,0.3326547536416928,0.006566714441684823,0.015228128754734057
0.0013122032953496296,0.8018557783732646,0.0032770414410879843,0.17490632477496998,0.006239193625896588,0.0029190629211602397,0.0003228726254889188,0.009167522942781819
0.00045796130622723503,0.6232699577988485,0.001224987756991743,0.0018316983887992336,0.0034782817029377702,0.35692581716147187,0.007992232067851112,0.004819063816872562
0.004323534360052109,0.7866967494628805,0.006236685506572006,0.19021139408290336,0.003807526663483962,0.0001634991919394422,0.0012641554389427102,0.007296455293225954
0.005134833517596758,0.5897065999115286,0.003323644420060686,0.0069834888220943825,0.006474216837759887,0.38536366700115465,0.001719820936949697,0.001293728552855278
0.0011836835603533324,0.7701564051628426,0.007906193015622405,0.20743921501026055,0.0006866404801599076,0.004283669736122319,0.0014355510214394537,0.006908642013199493
0.00744733783916477,0.5663952541833006,0.0022327268713497675,0.004834627376067223,0.0009382699840856705,0.405594915374817,0.008145789898445612,0.0044110784727694275
0.0020473111968769397,0.7469622523403266,0.004066170066168434,0.22286417287107468,0.004194169370124387,0.005528764736969432,0.003225539082089705,0.011111620336369598
0.004453197093089715,0.5526595203303512,0.0008287465001566949,0.005215715235651348,0.007001331961979339,0.4208809402144857,0.0015443388458041161,0.007416209818481987
0.00394651671159712,0.7341575208008339,0.0016886335051796626,0.23664099531795774,0.0025762541773871094,0.0016196973441730577,0.010726834386782142,0.0086435477560895
0.0008642325828536152,0.5431580758560849,0.0010328234543379726,0.005620760705715008,0.00040911913155239604,0.44083065127487503,0.006807053809021872,0.0012772831855594083
0.0008337526856911128,0.7006796806965928,0.009611090316692352,0.2775560202637079,0.002655203907196761,0.0005948968950065618,0.007112603977392713,0.0009567512577199365
0.0023342770367013157,0.5225240929497187,0.0004821649738203943,0.003235562876750808,0.008295329841462739,0.452835701251536,0.00242901610803926,0.007863854961970871
0.0006994498174302849,0.6764989758768339,0.009953336393439826,0.29404878329903733,0.004435356160930517,0.009289858160135743,0.0008351052035615091,0.004239135088630718
0.008843936663936723,0.5169660190231258,0.0019149917765455618,0.0027082663591376185,0.004148852167388603,0.4460443035550047,0.007543931166211126,0.011829699288649988
0.004685612030776918,0.6531928877682557,0.005512284576348017,0.32638510251369485,0.0011038509603705615,0.005528056308740968,0.0031054184555951068,0.00048678738621784137
0.0010396363314349767,0.5245437768937429,0.004540554157990831,0.0037914218755531605,0.007761669176159542,0.4491231061154218,0.0005888833764994417,0.008610952073197327
0.009561446004902663,0.6231974423568156,0.006344798011359038,0.33931396378372314,0.007792064558835448,0.007206304325061334,0.0007457098291827086,0.005838271130119975
0.002868470775563988,0.5210566773780542,0.00033675429251434655,0.0045381142651870435,0.006356278312623809,0.4544050928541906,0.005415955238476819,0.00502265688338933
0.0022180411058167,0.6112707351295384,0.0050195366841119275,0.3614137592968467,0.002496364385374138,0.005030091642720252,0.007054840086502203,0.0054966316690894836
0.0010444590131069554,0.5418170236215317,0.0025941231611100964,0.0016267998958427222,0.005163029071927899,0.4451520948079164,0.0012971494950135044,0.0013053209335504028
0.008708631325246134,0.5988392350064695,0.004238213529099163,0.3739840408068469,4.604792705424353e-06,0.000384927083065811,0.0029314883262515057,0.010908859130315656
0.006879611506995449,0.5227617974372808,0.0032415938716818275,0.009932520586006828,0.004496150760062813,0.44148982978382195,0.00391877309099869,0.007279722963151541
0.014245674040642406,0.565059419356291,0.004638855301797506,0.3977077366936732,0.0026014665838398517,0.001547478049425362,0.010865659635096732,0.0033337103392340438
0.0035704500320173724,0.5467273622036433,0.0043760991494878245,0.007112651989402402,0.002746232731280742,0.4337905894923672,0.0013434934785086004,0.0003331209232925071
0.004645185050103677,0.545793710323289,0.0049984676201092195,0.4208772684609976,0.0015895978361029042,0.003133975786110519,0.007250273257255624,0.011711521666031684
0.004577738905249667,0.5500815908673432,0.0057210851386655034,0.0030370355007440955,0.0031960849057760593,0.42321648676468393,0.0030492021732430887,0.007120775744294338
0.0005488189243041946,0.531916996783045,0.0039310932632148415,0.4504566381266866,0.0037018795062179317,0.0027204334136983707,0.0029391724850788697,0.003784967497754151
0.0003900797910173134,0.5722801443870431,0.00968277811674972,0.0019745542950663024,0.008445194269937941,0.398802952338176,0.0013362835164203693,0.007088013285589348
0.0021324005725933434,0.5206681130368014,0.00595707161058976,0.4537160183281723,0.004184065721355455,0.005484576405553111,0.0032334057548681805,0.00462434857006681
0.002995067697366406,0.5763882076883805,0.0127314784984114,0.004069628289019001,0.007743940817688313,0.38922539589143235,0.0004730620575272314,0.006373219060174765
0.0016032994256940905,0.5003876662766298,0.0012863615638544611,0.4625364628022861,0.010695778761971786,0.012714732797011146,0.004115629779724208,0.006660068592828552
0.004460381443692767,0.5976332156132677,0.0019872038641916673,0.002759063749912147,0.0041665047689454626,0.37514600300269824,0.007765304526559217,0.006082323030732944
0.00948903296608196,0.4888914130524149,0.0029383284257550463,0.4851728948260895,0.0060859269686746285,0.001567151430243122,0.004473501687253563,0.00138175064348756
0.004659082766597136,0.6040056318670711,0.01153982154464613,0.0027235182540990867,0.01076610169449357,0.35142792065864953,0.01419661409313613,0.0006813091213072322
0.009067999215657341,0.5007291098703723,0.00901889220445478,0.4654280669510412,0.0002855530203022968,0.00310804512284477,0.0041620383160415496,0.008200295299285629
0.005829466317719307,0.6250067532656729,0.007649505852223104,0.00044850914115527815,0.0037778083802192685,0.3385044441794059,0.0013953841468364956,0.0173881287167678
0.0010194695855341716,0.49221557738132077,0.004820794140607048,0.4817602575024717,0.012259366774640386,0.0008680925773531884,0.0011411236859143186,0.005915318352158288
0.0028071147196250695,0.6642757263610946,0.0038476447914627624,0.0076663833652643645,0.00113167687338526,0.31184716122703826,0.00202818736900541,0.006396105293124443
0.007431836291019117,0.5045249000938541,0.0010510967988635093,0.479220838825465,0.002105277267995339,0.0016669748301850866,0.00014954722029681726,0.003849528672321007
0.0022782224100129757,0.6633863545729364,0.00553941421663208,0.00854737611906185,0.0008746203894489605,0.3092552156812485,0.008850157006244707,0.001268639604414541
0.003603209035749836,0.49250987864863144,0.006932755800949486,0.47105030277086024,0.002040023883245249,0.010332637295765822,0.0023018645820724513,0.011229327982725487
0.010126230100425227,0.6840189531088792,0.007108975655002261,0.005507904611509832,0.000200459004060522,0.2791923651826389,0.007444797196153698,0.006400315141330342
0.0035674471741633886,0.505516225827034,0.002294651976234053,0.46249132037073737,0.00946947084443589,0.007756083377391126,0.004217596665118579,0.0046872037648859124
0.004706837118620365,0.6930254928940209,0.016969299740133562,0.011651905400244763,0.006361389777903266,0.25063683488101646,0.009884341634215494,0.006763898553845311
0.0011723416335359638,0.5159614272148062,0.007030509874827724,0.4557792591996095,0.0027225116566233468,0.003595999854314517,0.006715495815175699,0.007022454751107158
0.0013575184310732251,0.7436651231150176,4.673939084256676e-05,0.002940417295245384,0.00019309754397634177,0.24008729247883218,0.007700560834867843,0.004009250910144795
0.0004391291321419347,0.531222711562581,0.013828714365631264,0.4442146659710065,0.0015804753607776673,0.0013879641032876176,0.0041562944997761845,0.003170045004797752
0.003958646514803812,0.7650630076717344,0.002369184482323342,0.0012128623588344481,0.005642254698512584,0.21562188365343773,0.0007528295320619944,0.005379331088291567
0.01994812493689459,0.5484499538691134,0.0006453415566626268,0.4218897505404265,0.004091665680549185,0.0011119048108684097,0.0027326026442696426,0.0011306559612158488
0.00267410957573134,0.7536832200943129,0.0023659499306751333,0.017805649176109304,0.006185332765158079,0.20211414883531184,0.009851764608646191,0.0053198250140552
0.0005912881127518727,0.5665164352133959,0.010302078349940564,0.40453746707966426,0.010587415002880664,0.006119935986458431,0.0013020581070979273,4.332214781049901e-05
0.0016332683048199872,0.7871581325114174,0.0008536150803986988,0.002428222022757407,0.005554599983489696,0.2009389737189155,3.525286427570048e-05,0.0013979355139255593
0.002669584392006947,0.5942601325069563,0.0007572678381220672,0.39456386431784074,0.0010334708719674174,0.0016464318236521346,0.0040321914506348784,0.0010370567988195033
0.0037728305588771716,0.7897253742542157,0.0018202093486209088,0.000827540779364559,0.004511456880763411,0.18951101417962216,0.008369047704219677,0.0014625262943165696
0.0037359901212148847,0.6063769051855897,0.0028427539540750173,0.3668801533405335,0.005407873468020175,0.005252682672065617,0.0037634713013244623,0.005740169957176785
0.00201966835076088,0.7802785988247921,0.008431419949413418,0.000999752313284933,0.006199542872334318,0.18892826776258964,0.005631333262635501,0.00751141666418917
0.009185545875794794,0.6294753990812051,0.00668731549834518,0.34029427980140614,0.0007779136204637768,0.0012494037602771369,0.004272658752945364,0.008057483609562257
0.005194607356826116,0.7903067117848157,0.0003419730626021881,0.008286421983744824,0.0038358062047856743,0.1849971195130693,0.0017675104956417949,0.005269849598514209
0.003613803919656642,0.6559843729174559,0.0008789974667796754,0.323730853939255,0.004261869377473084,0.000882434973425391,0.007681300859171768,0.002966366546782335
0.0008934693243222045,0.7910902562564726,0.0009681628794898724,0.004089793688190376,0.003070513480928245,0.1977085113162094,0.00043274723657022677,0.001746545817817223
0.00015937698968660868,0.685843938768459,0.0017469681475877656,0.2915045759563746,0.0002671034170404927,0.004641557461323891,0.013141418124029643,0.002695061135498108
0.0030895272519164034,0.7647920772256337,0.004022897060162033,0.001900749027451116,0.0027811028764092175,0.20208155125861793,0.014823078985849544,0.006509016313959987
0.0003845075688212632,0.708122115247628,0.008799770524059452,0.26727812099304865,0.003568021917808794,0.0070007518055201935,0.0036215880192600825,0.0012251239238535703
0.002837903485458108,0.7632551674266531,0.005057196109738253,0.00549640716701962,0.0010456498265714112,0.21333022098187096,0.0012506124942889567,0.007726842508399467
0.001173590108736571,0.7275835144301929,0.007794602068086546,0.24420197559021592,0.006758199827746452,0.008430174159399149,0.002929864952058935,0.0011280788635639016
0.0024984193332379654,0.7459518197766961,0.0027231406153695975,0.005938000050054771,0.009246169641250145,0.22743718839509433,0.0012381602572474107,0.004967101931049694
0.004268567977299978,0.7604131833446846,0.0019097667640844908,0.22330082960252493,0.002989551248391387,0.0011303611063512118,0.0033561700092200283,0.0026315699474433437
0.003343916469367286,0.7239123228479961,0.002161225210314778,0.005696313900348065,0.007464459979730084,0.2529058196775062,0.0038027798305658353,0.0007131620841718909
0.003376965397542325,0.7736412774973557,0.006547414050941098,0.20806232154148974,0.0024544137719853575,0.0023090835604933067,0.0029843716092666723,0.0006241525709258525
0.006617844252702525,0.7072128635832639,0.003709314983418855,0.004681009462009879,0.0019698416344140724,0.2650909919363243,0.006110168176123065,0.004607965971743741
0.001235606253530588,0.7872181390239471,0.004903123897406416,0.19708738129853992,0.0019751511925209506,0.004282010545457419,0.0009329102399781111,0.002365677548619762
0.002066016959760693,0.6800350522998212,0.0029943132372603487,0.0016629844948705557,0.005725634997850614,0.2986292191789383,0.0038501975205304435,0.005036581310967826
0.005521267353916614,0.7935381454030633,0.0020508508362329404,0.1803056751605706,0.005203169212768982,0.0074529561473994695,0.0036450837949512814,0.002282852091096784
0.0002564865764725683,0.6708099251325292,0.0005369184844775589,0.0005792661815214909,0.0016801140894044833,0.32333948099212007,0.00022028700035888916,0.0025775215431159963
0.010600720519402917,0.7817203618568795,0.0009960129166410707,0.1858341648279497,0.013448414054458062,0.0037534273287016568,0.00022949065009927248,0.0034174078458676887
0.0014939977622143983,0.6357853598048555,0.004345795540718313,0.0012895437089095975,0.0004753154347017608,0.3451238177540641,0.003803881815983818,0.007682288178552642
0.00411190068683577,0.7913527909221606,0.00042598643851015744,0.1935085790100802,0.0019106488429101597,0.004252605937721798,0.00028843473813056986,0.004149053423651042
0.0056018749036139525,0.6158082906919048,0.0037170954408138053,0.003887530883032772,0.0008907368557171973,0.3670650113249608,0.0022857942385642828,0.0007436656613923753
0.002566948946831661,0.7765587470182405,0.0015372221412172727,0.2050861794612198,0.005560873813047155,0.0035807385570769306,0.0012001943724301103,0.003909095689936507
5.046118949588722e-05,0.6008985648132956,0.0032552287716037165,0.006589556909615056,0.0004610054363148248,0.3838264863383111,0.0019044978316438172,0.0030141987097198376
9.424769051938483e-05,0.7749033387031296,0.0007454856376607659,0.2154227720298438,0.0003484027580129458,0.0011286493048288896,0.004551471705813455,0.0028056321701908776
0.0012903923913074361,0.5840591269602479,0.002512540302516075,0.005495189226338749,0.00626679812753556,0.3994606783982434,0.00012020364504957274,0.0007950709487612545
0.004731738059005482,0.7406115164099887,0.00792798754144547,0.23389672352772892,0.0008627179168801083,0.0026569737791170937,0.0038570433977034206,0.005455299368130575
0.0011513744381234405,0.5779880372305275,0.0009887355847585327,0.004640806638341011,0.0009389099802257554,0.4121074379284082,0.0005035195247063024,0.0016811786749093196
0.0030824985097954753,0.7348163628874568,0.005753508326848566,0.24537651163083735,0.0016269439977305083,0.0035675837710908453,0.00029283606369985164,0.0054837548125404876
5.259357946432909e-05,0.5607899878232391,4.742925826735699e-05,0.003884032147503812,0.004069570402795257,0.42167107513835184,0.00808379775555927,0.0014015138948188625
0.000981799199471002,0.7178923940699813,0.004398011942108904,0.2651574432878763,0.002642734326364475,0.005373586138499817,0.0008671662734979413,0.0026868647622004123
0.007423211721802174,0.5554624910080678,0.0012902303953270862,0.0035749753250240938,0.0005011514315080808,0.4260464660751339,0.0032195368970801474,0.002481937146056801
0.0026872100718776785,0.6925106751250757,0.0030546876504695996,0.2953060185318018,0.0014377073124376266,0.001214130314844383,0.0012286980463878947,0.0025608729471053755
0.0033731950084123982,0.5525794246704315,4.819144866068109e-05,0.00044103805669447197,0.0028047042424163386,0.43299754288452674,0.002094533976403361,0.00566136971245465
0.0007032787159770828,0.6779948789689783,0.00019947905601307292,0.3095516345782907,0.003297145861779549,0.001272962999543256,0.0010337641430822736,0.005946855676335839
0.0038992984469396297,0.5506073553171223,0.00532021333944145,0.0005212407808814922,0.0034200791924907806,0.4307544120621084,0.004183345304628747,0.0012940555563871598
0.005958274956658221,0.6460824506919824,0.004713113710606791,0.3239437284103844,0.005566401449371036,0.0006193200168985056,0.009111760641809663,0.0040049501222888285
0.0021461979653167413,0.5491083591979856,0.004163624361928005,0.001006237557410806,0.0005375861229455779,0.4384138319315084,0.0016782487417447871,0.0029459141211601093
0.0026172295213865698,0.6289443469989491,0.006088964208659274,0.34205026701002184,0.010090730928714325,0.0019457784678915606,0.004844319479973199,0.0034183633844040422
0.006746357870708363,0.5400181346479233,0.003633778711172648,0.00429268727505184,0.0022729177321210107,0.4285934520408716,0.006584058881400224,0.007858612840750977
0.0021310307153601187,0.6152468125781977,0.0054662893758022,0.36396493670549596,0.0012809762190281358,0.002130910409984809,0.008643956744106257,0.0011350872520248746
0.0006077693882642176,0.5455847111006611,0.0023659956696194615,0.005940171889430436,0.0013646076583083775,0.4365346780289194,0.0016952904210836774,0.00590677584371341
0.0011257130626017142,0.5959032564413177,0.007205413895282639,0.3883418195103143,0.00011023214451367088,0.0016284163799110982,0.0043128646754379985,0.0013722838906207924
0.012719017937646165,0.5476918258302689,0.004550448484516104,0.0012991951533712013,0.002375023485596095,0.4223355483763283,0.005083106533988506,0.003945834198284845
0.0013036382754084183,0.5790307345221961,0.003811835739122514,0.41058894615275826,0.0021537717539569356,0.0003132524924960105,0.001472602439914857,0.001325218624146646
0.0007890136385446384,0.5472480897064306,0.0071358096693211305,0.012636755090169182,0.0015662047652610252,0.42156726720122256,0.003739287274314699,0.005317572654736343
0.0021351434887787644,0.5582835519591038,0.003945610993570366,0.41230684289385827,0.0034527167957065638,0.007969821874687215,0.008415782002389629,0.0034905299919053482
0.004944289211961301,0.565378646529627,0.00309901026140662,0.0005113426223782078,0.006432297854412379,0.41010327421282955,0.008502630716218887,0.0010285085911660263
0.0010021962132239694,0.548551983300059,0.0013688250157578878,0.42816642466153165,0.009177243428997605,0.004521859668692291,0.0004944804578041581,0.006716987253933209
0.0032993764927548826,0.5908329470217111,0.0021006652072691257,0.00028666049534076954,0.00015710768336378236,0.3946414691509399,0.001003057161011271,0.0076787167876091545
0.0013885028122364376,0.5399477879685227,0.0032406053316306367,0.4461656437742537,0.0022689323171600773,0.0025224751754810955,0.0015381736875578359,0.0029278789331576125
0.004095130446690289,0.5885550393620781,0.0030695512410025085,0.0033679533649812873,0.0034335720655423486,0.3888027000060572,0.002361696909445045,0.006314356604203309
0.005303754603881171,0.5284626000213618,0.0024253981833846716,0.45288811041460386,0.0042708174412120145,0.00034461755056386834,0.002766792572312108,0.0035379092126806982
0.00048463379786525183,0.6094523809747749,0.00185919092150018,0.002349829402103347,0.0023751508544545092,0.37746928043495004,0.003765820463525876,0.0022437131508258102
0.0043655349184306596,0.5216593034056717,0.0003958060042248334,0.45912767736088145,0.0005460662626530747,0.006123519223869613,0.0067234952335833344,0.0010585975906854345
0.011242800620942356,0.6118124590287121,0.00322136952742972,0.0023251955183458263,0.0026429818393372295,0.3632144403924838,0.0025322817828686106,0.003008471289880265
0.007219631496214854,0.5135804891296515,0.004318445453465977,0.4675297732816773,0.003917272578281313,8.283034066930604e-05,3.025753046302846e-05,0.0033213001895765776
0.003954201643142373,0.6324825668054963,0.00272241487220028,0.002706559418326613,0.0025818763894316444,0.3479812466880324,0.005499494569605269,0.002071639613765405
0.0032370362674729158,0.518496684917162,0.00017802491868646543,0.47059121143520666,0.0018400029316727425,0.0012050108208461103,0.001907007192190847,0.002545021516762003
0.0013200757349449243,0.651375787004811,0.0020162964300112383,0.0026614814303667334,0.0011038427138260374,0.3317710413074288,0.004322942370938206,0.005428533007672971
0.010011099864969881,0.5124775930728548,0.001052262212274365,0.464659876590605,0.0009583189377136479,0.0037810117872755936,0.0037673531708535806,0.003292484363452974
0.005293279496989927,0.665360395057955,5.6709973406290294e-05,0.006354020513863738,0.001824020169405199,0.30879676992988436,0.008757669647312592,0.0035571352111826134
0.00504988516603476,0.5153201747685336,0.0002039368789713099,0.46673985271825036,0.005464159772137371,0.0015543257697668979,0.0056035211632818275,6.414376302392608e-05
7.560954460424038e-05,0.6940098952381419,0.007731557620664736,0.002409369364215265,0.0019869429457875024,0.2897686533559179,2.863799332103221e-05,0.00398933393734744
0.0020264233899235013,0.5267272480931088,0.004442232749010681,0.46348685316933735,0.001279439402199752,0.00030027917253436925,0.0015345734877023106,0.00020295053618327353
0.0031511502991857492,0.704887561764926,0.0011480965892668369,0.003970031793237393,0.0011329159072211846,0.27762621455513165,0.0039622878615893755,0.004121741229441684
0.004130822029387132,0.5194020514441928,0.0056196531114846016,0.4497215532859209,0.0020356997091830202,0.0028862240842852105,0.010260509922446873,0.00594348641309936
0.004388280742081425,0.7199539470345228,0.0009064751449706958,0.003346023334456428,0.006054042691562603,0.2572339706712728,0.0059330640037075595,0.0021841963774256417
0.001603750222760581,0.544724867595432,0.0024997256144045836,0.443795278399547,0.003896110543150477,0.00017281879149591285,0.0029321970293567584,0.000375251803852681
0.0034612153474163614,0.7362747587532069,0.0024567111540699797,0.0018336510059713158,0.007527065483830976,0.2438325311260128,0.0024141375486491186,0.0021999295808424724
0.0013959961648784844,0.5443418391262625,0.006833318121281319,0.4302902082849364,0.0052459336583337525,0.0077233591797230315,0.002007722552892529,0.002161622911692095
0.0007013985942743299,0.7555563253535128,0.0012863404518942247,0.0049331294015266935,0.00027569877548369256,0.23400738132789486,0.0012997063008804556,0.001940019794533053
0.0028267969450154846,0.5686173641803272,0.004160919219048606,0.4168927618555547,0.004768616724027163,0.0019326778877087989,0.00023045465299724398,0.0005704085353207851
0.005478440745386503,0.7643900765385039,0.0029657021267677397,0.0004731920362078202,0.0014131679194938573,0.22306556937883107,0.0015167074648152568,0.0006971437899939503
0.00222401140366825,0.5855012666573792,0.0024486145864303596,0.3982589534222544,0.0018018530004437047,0.006944498248489068,0.0011429682996316399,0.0016778343817034362
0.00460566994356257,0.7704198623282197,0.00610398042312514,0.0021710386451774403,0.00040569538936996685,0.21290106389532223,0.0027422381637657706,0.0006504512114570923
0.0011714621331873876,0.6004400463190774,0.004887723269470077,0.3843248352599985,0.0005158181502797563,0.005637316135201816,0.002883967111503247,0.00013883162128173145
0.0025454713875716385,0.7741306458647645,0.0030920165789390204,0.0032750027109241468,0.005893247759764924,0.20432073605994452,0.005066820415872962,0.0016760592222181871
